frame_number	SVM_confidence	prediction	face_confidence	embedding_distance	frame_diff_val	correct	unknown	numeric_prediction	offload	num_detect
0	54.545191059087486	apoorva	0.9997291	1.0000001511859793	73.48011604938272	1	0	0	0	1
5	75.91744087889394	apoorva	0.99941504	0.28664213	3.3840827160493827	1	0	0	0	1
10	66.08100175395424	apoorva	0.9998031	0.16352743	2.833311111111111	1	0	0	0	1
15	71.51094717408321	apoorva	0.99977916	0.03347697	2.690317283950617	1	0	0	0	1
20	56.657047943296924	apoorva	0.99956006	0.05516654	2.1753320987654323	1	0	0	0	1
25	42.23150381809954	apoorva	0.998744	0.042384855	1.8057716049382717	1	0	0	0	1
30	85.39499084964756	apoorva	0.9944565	0.2743519	2.0874197530864196	1	0	0	0	1
35	85.28149635827305	apoorva	0.99767584	0.14523417	1.9151296296296296	1	0	0	0	1
40	83.24574922471645	apoorva	0.992124	0.084439166	2.8483061728395063	1	0	0	0	1
45	77.631545125137	apoorva	0.9999522	0.09604844	4.587582716049383	1	0	0	0	1
50	77.65455399043431	apoorva	0.9672248	0.07315179	6.160071604938271	1	0	0	0	1
55	54.35816151255259	apoorva	0.98012596	0.11398156	6.288820987654321	1	0	0	0	1
60	66.92551749270035	apoorva	0.99991477	0.04519686	5.998469135802469	1	0	0	0	1
65	74.66996304086881	apoorva	0.99998116	0.073989026	4.099382716049383	1	0	0	0	1
70	80.65129842664483	apoorva	0.99997246	0.16571406	3.731862962962963	1	0	0	0	1
75	82.58430612250858	apoorva	0.9999548	0.075428255	3.0969456790123457	1	0	0	0	1
80	77.169237395264	apoorva	0.99988127	0.026961222	4.552416049382716	1	0	0	0	1
85	74.56489479795798	apoorva	0.9998129	0.068918064	5.3245098765432095	1	0	0	0	1
90	76.43878604056346	apoorva	0.99986935	0.010594204	4.452992592592593	1	0	0	0	1
95	87.29771880637361	apoorva	0.99977523	0.08375591	3.3105641975308644	1	0	0	0	1
100	84.27390050470125	apoorva	0.9996008	0.032072626	3.029933333333333	1	0	0	0	1
105	73.32507282540222	apoorva	0.99637836	0.075595506	2.809603703703704	1	0	0	0	1
110	76.96283499907187	apoorva	0.9977118	0.044093095	2.2021765432098763	1	0	0	0	1
115	80.37214964004107	apoorva	0.9956279	0.034534402	1.7281222222222221	1	0	0	0	1
120	63.001951902735776	apoorva	0.9882476	0.02989601	3.112032098765432	1	0	0	0	1
125	74.45735368910843	apoorva	0.985089	0.046673223	1.8568703703703704	1	0	0	0	1
130	81.11212507032178	apoorva	0.97750217	0.07933369	1.6796962962962962	1	0	0	0	1
135	84.05137691569053	apoorva	0.95825624	0.025219714	1.599337037037037	1	0	0	0	1
140	80.7422489183139	apoorva	0.9619138	0.08308877	1.8967197530864197	1	0	0	0	1
145	83.49596170589753	apoorva	0.9935003	0.09351767	2.907830864197531	1	0	0	0	1
150	66.31814245002599	apoorva	0.99127495	0.12422762	2.7263592592592594	1	0	0	0	1
155	76.38307434103359	apoorva	0.9955504	0.10584716	2.7538061728395062	1	0	0	0	1
160	78.81368599332575	apoorva	0.99788123	0.054360885	3.8093432098765434	1	0	0	0	1
165	81.31342545637101	apoorva	0.99912864	0.022259308	6.34304938271605	1	0	0	0	1
170	81.85401599767931	apoorva	0.999587	0.06260755	7.280744444444444	1	0	0	0	1
175	79.7205796256802	apoorva	0.99888116	0.026012007	6.926869135802469	1	0	0	0	1
180	77.99393828528983	apoorva	0.9999201	0.049755037	7.205996296296297	1	0	0	0	1
185	82.15028277796364	apoorva	0.9999697	0.033892207	7.238349382716049	1	0	0	0	1
190	83.60370033097719	apoorva	0.9999758	0.056623228	7.419571604938271	1	0	0	0	1
195	81.61889641158254	apoorva	0.9998946	0.056997493	4.984524691358025	1	0	0	0	1
200	76.77338726669058	apoorva	0.9996327	0.0150712	3.9281	1	0	0	0	1
205	87.82303900459651	apoorva	0.99967027	0.05335503	4.726520987654321	1	0	0	0	1
210	87.44743030786437	apoorva	0.99968183	0.04597617	6.849164197530865	1	0	0	0	1
215	88.99241548316654	apoorva	0.9904795	0.048641443	7.626960493827161	1	0	0	0	2
215	32.86566495407324	unknown	0.8493303	0.9999998893461395	7.626960493827161	0	1	-1	1	2
220	54.43856718934572	unknown	0.9510641	0.54158324	6.485911111111111	0	1	-1	1	2
220	85.60630007058634	apoorva	0.8850982	0.03417176	6.485911111111111	1	0	0	0	2
225	78.72667668471537	apoorva	0.9960157	0.041952986	4.616592592592593	1	0	0	0	2
225	28.991229158954557	james	0.946415	0.9999999144562257	4.616592592592593	1	0	1	0	2
230	84.7230866821325	apoorva	0.9994024	0.051254503	4.513812345679012	1	0	0	0	2
230	43.57630441831017	unknown	0.92729115	0.14615673	4.513812345679012	0	1	-1	1	2
235	81.3502875228306	apoorva	0.99990547	0.030421946	6.266920987654321	1	0	0	0	2
235	41.85959805721062	unknown	0.958269	0.150435	6.266920987654321	0	1	-1	1	2
240	74.32329298128619	apoorva	0.9999641	0.03988809	9.067412345679012	1	0	0	0	2
240	63.024999926300275	unknown	0.9122279	0.7743617	9.067412345679012	0	1	-1	1	2
245	66.48036263276639	apoorva	0.9999685	0.044243388	6.859532098765432	1	0	0	0	1
250	78.26955282549719	apoorva	0.9996178	0.037066255	6.350292592592592	1	0	0	0	1
255	86.80107067648717	apoorva	0.9989241	0.02959986	4.109148148148148	1	0	0	0	1
260	82.46722457077033	apoorva	0.9953791	0.1494016	4.290277777777778	1	0	0	0	1
265	81.85163765843633	apoorva	0.99952996	0.047956612	6.560696296296296	1	0	0	0	1
270	74.79514054498753	apoorva	0.9999945	0.068644635	5.350887654320988	1	0	0	0	1
275	74.48450086725884	apoorva	0.99999344	0.017211743	3.2071086419753088	1	0	0	0	1
280	73.40424186257766	apoorva	0.9999945	0.013381861	5.1917481481481484	1	0	0	0	1
285	76.50770077521753	apoorva	0.9999889	0.014939653	5.8344654320987654	1	0	0	0	1
290	78.90657912907444	apoorva	0.99999046	0.0285555	6.67001975308642	1	0	0	0	1
295	65.3074827832853	apoorva	0.99999285	0.030244052	7.211680246913581	1	0	0	0	1
300	73.08906664080243	apoorva	0.9999918	0.024249952	7.658318518518518	1	0	0	0	1
305	85.67826694787547	apoorva	0.9999865	0.062103022	6.857348148148148	1	0	0	0	1
310	89.39295975875362	apoorva	0.99977666	0.05584184	8.23940864197531	1	0	0	0	1
315	89.98497891335977	apoorva	0.9976306	0.034101985	6.221879012345679	1	0	0	0	1
320	87.3978026601555	apoorva	0.79944015	0.08889483	5.812307407407407	1	0	0	0	1
325	84.57016348319982	apoorva	0.9912243	0.0691089	6.049802469135803	1	0	0	0	1
330	88.44861729489043	apoorva	0.99958605	0.031026188	4.517991358024691	1	0	0	0	1
335	86.4770719885497	apoorva	0.9999553	0.018319678	3.5283049382716047	1	0	0	0	1
340	88.80791610714425	apoorva	0.999972	0.04470001	3.2035555555555555	1	0	0	0	1
345	74.11175337197015	apoorva	0.9999677	0.061978392	7.464324691358025	1	0	0	0	1
350	81.31634740935286	apoorva	0.99993706	0.19518726	13.800507407407407	1	0	0	0	1
355	83.30792960643824	apoorva	0.9928953	0.14228167	7.216003703703704	1	0	0	0	1
360	76.53219268673344	apoorva	0.991886	0.070715174	5.958218518518518	1	0	0	0	1
365	77.60106976441783	apoorva	0.9939942	0.026907694	3.0643234567901234	1	0	0	0	1
370	80.48936943130289	apoorva	0.98869437	0.09164946	3.4014	1	0	0	0	1
375	78.20027190927651	apoorva	0.9851128	0.17730054	4.713922222222222	1	0	0	0	1
380	76.88922172744822	apoorva	0.997265	0.42429256	7.234065432098766	1	0	0	0	1
385	69.42284760298209	apoorva	0.99856263	0.11557813	8.0685987654321	1	0	0	0	1
390	76.93987311176159	apoorva	0.99971646	0.07242784	6.208124691358025	1	0	0	0	1
395	75.81820928651389	apoorva	0.99989426	0.06764506	4.435264197530864	1	0	0	0	1
400	76.2291203797509	apoorva	0.9998956	0.0039422447	3.5276938271604936	1	0	0	0	1
405	82.57986142340165	apoorva	0.999967	0.009568049	2.9657395061728393	1	0	0	0	1
410	84.38709189922218	apoorva	0.99998975	0.015183646	3.061293827160494	1	0	0	0	1
415	76.76991306318082	apoorva	0.9999672	0.044233102	3.685862962962963	1	0	0	0	1
420	78.74605483980292	apoorva	0.99980885	0.015450915	7.938464197530864	1	0	0	0	1
425	78.08080399344944	apoorva	0.9972037	0.024134029	6.046202469135802	1	0	0	0	1
430	77.44373833420414	apoorva	0.97565323	0.011446137	5.782171604938272	1	0	0	0	1
435	79.62666995814035	apoorva	0.9994209	0.02791496	6.031344444444445	1	0	0	0	1
440	73.77749693466174	apoorva	0.99994326	0.031159908	4.730938271604939	1	0	0	0	1
445	75.49971806725937	apoorva	0.9999542	0.019549211	3.198141975308642	1	0	0	0	1
450	73.93316322201422	apoorva	0.99960643	0.012968268	2.9693061728395063	1	0	0	0	1
455	84.21158175851822	apoorva	0.99961	0.03035702	2.5590024691358026	1	0	0	0	1
460	83.54677216321149	apoorva	0.9959001	0.054294266	3.6419012345679014	1	0	0	0	1
465	80.05933458076106	apoorva	0.9986224	0.01902494	3.685783950617284	1	0	0	0	1
470	80.29443520809075	apoorva	0.9999552	0.020518648	3.8263814814814814	1	0	0	0	1
475	76.04565663412453	apoorva	0.99999285	0.015828637	3.3182851851851853	1	0	0	0	1
480	79.34133004745901	apoorva	0.9999666	0.016988404	4.375830864197531	1	0	0	0	1
485	79.02553412767159	apoorva	0.99911505	0.03718865	2.962025925925926	1	0	0	0	1
490	78.89939898041892	apoorva	0.9957918	0.02604923	2.239620987654321	1	0	0	0	1
495	75.63633965538786	apoorva	0.99871683	0.008512768	2.1958827160493826	1	0	0	0	1
500	78.29569930719536	apoorva	0.99979717	0.010625526	2.4981185185185186	1	0	0	0	1
505	66.69018789564547	apoorva	0.999954	0.04193706	2.844475308641975	1	0	0	0	1
510	78.21939967609238	apoorva	0.9999629	0.020074222	2.7720444444444445	1	0	0	0	1
515	77.82639410887255	apoorva	0.9999925	0.027257614	2.773628395061728	1	0	0	0	1
520	80.567680623668	apoorva	0.9999875	0.023773227	2.929627160493827	1	0	0	0	1
525	84.42195745940269	apoorva	0.9999821	0.022964213	3.032717283950617	1	0	0	0	1
530	80.31231225801226	apoorva	0.99997175	0.020632446	2.7108246913580247	1	0	0	0	1
535	80.07160838947635	apoorva	0.99994636	0.0085137775	2.985251851851852	1	0	0	0	1
540	82.47306705040157	apoorva	0.9998791	0.011817618	4.141520987654321	1	0	0	0	1
545	49.4478673178326	apoorva	0.9996635	0.12652642	3.0529185185185184	1	0	0	0	1
550	53.872475292450794	apoorva	0.99979347	0.01574276	3.1191851851851853	1	0	0	0	1
555	54.7536800389931	apoorva	0.99980897	0.020458657	3.8560197530864198	1	0	0	0	1
560	28.677861998063612	boris	0.99922144	1.0000000320253637	4.763935802469136	0	0	5	1	1
565	80.0420642084625	apoorva	0.9940654	0.10409927	5.7434666666666665	1	0	0	0	1
570	33.88387329428218	boris	0.9946385	0.1194478	6.407085185185185	0	0	5	1	1
575	35.80412078656245	apoorva	0.941201	0.4031534	6.032116049382716	1	0	0	0	1
580	31.116772349555642	sandeep	0.99694437	0.999999959964373	5.53882962962963	0	0	2	1	1
585	53.44497773166792	apoorva	0.97637016	0.5397543	3.855483950617284	1	0	0	0	1
590	41.20313937412688	apoorva	0.9691301	0.22224072	3.7474765432098764	1	0	0	0	1
595	21.860261823449108	apoorva	0.98844737	0.1718564	5.215934567901234	1	0	0	0	2
595	53.612225683284684	unknown	0.9279764	0.783041	5.215934567901234	0	1	-1	1	2
600	61.97622746629673	unknown	0.99354583	0.33076626	6.932261728395062	0	1	-1	1	2
600	25.42474079178106	unknown	0.72590286	0.79161704	6.932261728395062	0	1	-1	1	2
605	65.282246874531	unknown	0.93657595	1.0137938	6.11957037037037	0	1	-1	1	2
605	42.90786086687834	sandeep	0.8238237	0.6711205	6.11957037037037	0	0	2	1	2
610	61.357445067959524	sandeep	0.98806876	0.31876892	5.076196296296296	0	0	2	1	2
610	57.0624238561384	unknown	0.96612275	0.82487357	5.076196296296296	0	1	-1	1	2
615	42.92999939433724	sandeep	0.94412637	0.09790045	6.808683950617284	0	0	2	1	1
620	27.43550695367855	sandeep	0.90182877	0.27605376	6.282160493827161	0	0	2	1	1
625	25.53394173837578	unknown	0.9980028	1.6117013	4.630332098765432	0	1	-1	1	1
630	46.93668143365552	sandeep	0.998703	0.1473642	5.107524691358025	0	0	2	1	1
635	25.05513980791998	sandeep	0.9994123	0.3908465	4.983017283950617	0	0	2	1	1
640	30.287268793108936	apoorva	0.9993777	0.087781765	5.4011962962962965	1	0	0	0	2
640	55.4221917056859	unknown	0.7922656	1.4267161	5.4011962962962965	0	1	-1	1	2
645	29.070709041865044	sandeep	0.99112064	0.20021492	6.471558024691358	0	0	2	1	2
645	41.39092231686048	unknown	0.6200937	0.45251524	6.471558024691358	0	1	-1	1	2
650	44.22297223576662	apoorva	0.97817105	0.1314993	5.993303703703703	1	0	0	0	1
655	22.78811107882519	unknown	0.9991043	0.83302075	5.057812345679013	0	1	-1	1	1
660	64.0030968669642	apoorva	0.99990726	0.22791317	4.927879012345679	1	0	0	0	1
665	74.35976834117189	apoorva	0.9997706	0.07065624	4.9982086419753085	1	0	0	0	1
670	75.42335100404985	apoorva	0.98065627	0.034430537	6.741885185185185	1	0	0	0	1
675	67.43766022400914	apoorva	0.9999198	0.08857553	7.331462962962963	1	0	0	0	1
680	87.11904087207336	apoorva	0.9993037	0.102250904	5.223139506172839	1	0	0	0	1
685	90.42841159958928	apoorva	0.9966174	0.0837167	4.864962962962963	1	0	0	0	1
690	80.39525549302432	apoorva	0.99989986	0.0949067	4.353565432098765	1	0	0	0	1
695	86.88737115153977	apoorva	0.99993336	0.028426377	3.4549123456790123	1	0	0	0	1
700	90.44725623202827	apoorva	0.9994665	0.07194185	3.042416049382716	1	0	0	0	1
705	65.31367207417598	apoorva	0.99918777	0.2688359	3.498130864197531	1	0	0	0	1
710	58.24932161073085	apoorva	0.9975229	0.111596555	2.84031975308642	1	0	0	0	1
715	54.99507071225018	apoorva	0.99816376	0.02289822	2.515682716049383	1	0	0	0	1
720	46.188302223872164	apoorva	0.99698013	0.05795066	3.6796395061728395	1	0	0	0	1
725	58.278630571684396	apoorva	0.99682	0.12452681	3.1784185185185185	1	0	0	0	1
730	37.60174827269351	apoorva	0.9992446	0.16393423	3.725804938271605	1	0	0	0	1
735	52.428751697379894	apoorva	0.9925991	0.2935338	3.610528395061728	1	0	0	0	1
740	32.69208152745856	boris	0.9741097	0.7688761	3.1452716049382716	0	0	5	1	1
745	36.63522377553028	apoorva	0.85015875	0.17946586	2.985479012345679	1	0	0	0	1
750	59.80852179911699	sandeep	0.8872543	0.30379868	3.1053493827160494	0	0	2	1	1
755	52.34200792260593	sandeep	0.9800529	0.057700634	3.635143209876543	0	0	2	1	1
760	64.48840165550894	sandeep	0.99568653	0.03841339	4.330787654320988	0	0	2	1	1
765	27.89926160792728	sandeep	0.96598756	0.3051056	3.425804938271605	0	0	2	1	1
770	48.13909509284884	sandeep	0.88916063	0.09983238	2.831922222222222	0	0	2	1	1
775	71.98318928367391	sandeep	0.95384794	0.08544618	2.8748716049382717	0	0	2	1	1
780	65.0679349683023	sandeep	0.9177433	0.025396867	3.9907283950617285	0	0	2	1	1
785	28.300117644510603	boris	0.9861899	0.35748434	3.217233333333333	0	0	5	1	1
790	38.20261433991302	apoorva	0.99726284	0.2134698	3.4344888888888887	1	0	0	0	1
795	53.5985577402524	apoorva	0.9994399	0.16054112	4.119675308641975	1	0	0	0	1
800	42.85414430908596	apoorva	0.99918896	0.12376745	4.34374938271605	1	0	0	0	1
805	33.511585830113546	apoorva	0.9604739	0.26055682	4.173672839506173	1	0	0	0	1
810	47.827874943762524	apoorva	0.9591624	0.43047807	3.819996296296296	1	0	0	0	1
815	87.29506401634397	apoorva	0.999086	0.3786381	4.0749864197530865	1	0	0	0	1
820	87.78337105548279	apoorva	0.99936634	0.081554726	3.8140753086419754	1	0	0	0	1
825	82.43474799056368	apoorva	0.98703694	0.028382652	3.964541975308642	1	0	0	0	1
830	78.65156641518817	apoorva	0.99701726	0.028373446	3.96509012345679	1	0	0	0	1
835	58.083245853143616	apoorva	0.9966961	0.21495792	3.875448148148148	1	0	0	0	1
840	31.33790735086684	apoorva	0.9964935	0.18080354	4.770411111111111	1	0	0	0	1
845	24.593315035552607	unknown	0.987397	0.20622183	4.756643209876543	0	1	-1	1	1
850	38.078806481400946	sandeep	0.98272884	0.40070456	4.885486419753087	0	0	2	1	1
855	36.762937105448515	sandeep	0.95111674	0.028410263	4.052254320987655	0	0	2	1	1
860	30.60592098493403	karen	0.9686891	1.000000042049158	3.1568185185185187	0	0	4	1	1
865	42.72663931708847	sandeep	0.9495479	0.22893748	3.9984925925925925	0	0	2	1	1
870	41.947944080362014	sandeep	0.9447468	0.16691235	4.03168024691358	0	0	2	1	1
875	49.60508044796259	sandeep	0.9864607	0.29186377	4.869337037037037	0	0	2	1	1
880	47.39475604557445	unknown	0.938499	0.77059317	5.355691358024691	0	1	-1	1	1
935	72.11523856261077	sandeep	0.9233945	0.19225755	5.5728987654320985	0	0	2	1	1
940	56.58959067157351	sandeep	0.7198691	0.23960221	7.015923456790124	0	0	2	1	1
955	39.84964421896204	unknown	0.76189286	0.6608094	11.110935802469136	0	1	-1	1	1
990	61.87044249933207	sandeep	0.96194285	0.54007006	5.41590987654321	0	0	2	1	1
995	45.88333159888068	sandeep	0.88397706	0.41578752	5.128154320987655	0	0	2	1	1
1000	43.49661197445741	unknown	0.9342966	0.24086727	5.154903703703703	0	1	-1	1	1
1020	54.75838450415264	unknown	0.76211727	0.5208644	9.412669135802469	0	1	-1	1	1
1025	58.79308525619358	unknown	0.7014045	0.4704731	7.293787654320988	0	1	-1	1	1
1030	39.34619572075544	unknown	0.9613457	0.49116737	6.007707407407407	0	1	-1	1	1
1035	58.88647986054099	unknown	0.9729643	0.53561085	4.390849382716049	0	1	-1	1	1
1045	45.01932585842577	karen	0.93999296	0.7931014	5.13193950617284	0	0	4	1	1
1050	62.65740326036982	sandeep	0.98602223	0.6464089	5.381764197530864	0	0	2	1	1
1055	40.58649561665334	unknown	0.92545414	0.8790864	5.064023456790124	0	1	-1	1	1
1060	32.44986156655561	sandeep	0.99094194	0.43003225	7.038243209876543	0	0	2	1	1
1065	29.200170024963878	unknown	0.95568615	0.27407646	6.804317283950617	0	1	-1	1	1
1070	30.621722536434593	unknown	0.9768822	0.12506521	6.828916049382716	0	1	-1	1	1
1075	29.846244267090555	unknown	0.990755	0.13401648	7.771804938271605	0	1	-1	1	1
1080	32.8907978561347	unknown	0.99611783	0.45352185	10.525212345679012	0	1	-1	1	1
1085	74.48293267831527	sandeep	0.995158	0.5426256	11.457758024691358	0	0	2	1	1
1090	61.56553225676422	sandeep	0.93723214	0.057485193	13.572951851851851	0	0	2	1	1
1095	70.47267944913717	sandeep	0.95779926	0.20666575	12.75171851851852	0	0	2	1	1
1100	44.87414508994429	sandeep	0.99077725	0.05111585	15.302987654320988	0	0	2	1	2
1100	55.909780622299266	unknown	0.83961284	0.9313484	15.302987654320988	0	1	-1	1	2
1105	58.04563551803222	unknown	0.99728084	0.17290032	6.886590123456791	0	1	-1	1	2
1105	38.229275709853574	sandeep	0.92171544	0.5708481	6.886590123456791	0	0	2	1	2
1110	36.931026412715724	unknown	0.9993376	0.6337435	4.895267901234568	0	1	-1	1	1
1115	44.22686150743634	unknown	0.87837887	0.7692628	6.65399012345679	0	1	-1	1	1
1120	37.57753223261758	unknown	0.87084746	0.68434584	7.084792592592593	0	1	-1	1	1
1125	33.78107060731721	sandeep	0.8495564	0.83510095	5.469546913580247	0	0	2	1	1
1130	50.93135580105547	sandeep	0.7454559	0.27431372	5.974277777777778	0	0	2	1	1
1135	36.361994656384844	unknown	0.92183214	0.11167287	8.155038271604939	0	1	-1	1	1
1145	57.6411240034569	sandeep	0.680363	0.9271313	7.551182716049382	0	0	2	1	1
1150	36.25956072481098	unknown	0.925471	1.1472132	5.559946913580247	0	1	-1	1	1
1155	28.22974202914551	boris	0.9995902	1.2617322	3.725375308641975	0	0	5	1	1
1160	62.36907867655387	boris	0.96966445	0.29489422	5.121097530864198	0	0	5	1	1
1165	46.94468760108504	boris	0.9566303	0.13071072	7.009924691358025	0	0	5	1	1
1170	31.36673757889937	unknown	0.952826	0.33863178	6.558420987654321	0	1	-1	1	1
1175	26.860729303099752	unknown	0.98382574	0.3711449	5.269988888888889	0	1	-1	1	2
1175	83.27985801528423	apoorva	0.88589615	0.9299462	5.269988888888889	0	0	0	1	2
1180	26.391424457710126	unknown	0.99954295	0.40375406	5.458751851851852	0	1	-1	1	2
1180	63.42215566226619	apoorva	0.9470364	0.09168388	5.458751851851852	0	0	0	1	2
1185	45.83093316638273	unknown	0.99706143	0.7256711	5.023834567901234	0	1	-1	1	1
1190	50.08435439329776	unknown	0.9864634	0.37726942	4.343754320987654	0	1	-1	1	2
1190	35.192033402517595	sandeep	0.9133077	0.99850655	4.343754320987654	0	0	2	1	2
1195	36.299606160816836	unknown	0.99780077	0.46995738	3.8321864197530866	0	1	-1	1	2
1195	33.965274533516	unknown	0.9786264	1.5720212	3.8321864197530866	0	1	-1	1	2
1200	34.80128164847013	unknown	0.998417	1.4935222	5.016507407407407	0	1	-1	1	2
1200	40.21777762491349	sandeep	0.9585001	0.1192633	5.016507407407407	0	0	2	1	2
1205	38.841080016425494	unknown	0.99989855	0.16894951	4.544916049382716	0	1	-1	1	2
1205	48.110350504736964	unknown	0.86447644	1.2741001	4.544916049382716	0	1	-1	1	2
1210	45.78322186424793	unknown	0.9995689	1.0708425	4.098229629629629	0	1	-1	1	2
1210	36.64006053626828	unknown	0.9135285	1.1106553	4.098229629629629	0	1	-1	1	2
1215	49.647553529242714	unknown	0.99440306	1.270251	3.9267666666666665	0	1	-1	1	2
1215	48.33655536724722	sandeep	0.8922468	0.17242081	3.9267666666666665	0	0	2	1	2
1220	52.793488672122066	unknown	0.9905032	0.12735595	3.7024234567901235	0	1	-1	1	2
1220	61.754572923201444	sandeep	0.98308635	0.17993371	3.7024234567901235	0	0	2	1	2
1225	43.868400096398716	unknown	0.9998747	0.1446256	2.8177135802469135	0	1	-1	1	2
1225	26.46816200851645	unknown	0.9899104	1.0872141	2.8177135802469135	0	1	-1	1	2
1230	32.67645871712683	unknown	0.9998996	1.3083903	2.6687913580246914	0	1	-1	1	2
1230	44.22695418486689	sandeep	0.97602373	0.081572235	2.6687913580246914	0	0	2	1	2
1235	41.023643481241805	unknown	0.99992895	0.35958844	2.538372839506173	0	1	-1	1	2
1235	67.81009885802955	sandeep	0.9968117	0.11711165	2.538372839506173	0	0	2	1	2
1240	42.54044717968193	unknown	0.99986255	0.2682165	2.8029345679012345	0	1	-1	1	2
1240	37.49122569682839	sandeep	0.9928939	0.27266857	2.8029345679012345	0	0	2	1	2
1245	42.125659838321674	unknown	0.99981016	0.5600488	2.7513864197530866	0	1	-1	1	2
1245	25.2488344121839	unknown	0.9208148	1.2594596	2.7513864197530866	0	1	-1	1	2
1250	36.5461594900658	unknown	0.9980781	0.9357434	3.1132876543209878	0	1	-1	1	2
1250	26.99647269625806	unknown	0.98968786	0.9172801	3.1132876543209878	0	1	-1	1	2
1255	51.08940096313596	unknown	0.99069136	0.95186365	2.944337037037037	0	1	-1	1	2
1255	46.72945869343186	sandeep	0.8987884	0.2585274	2.944337037037037	0	0	2	1	2
1260	43.92573629957294	unknown	0.9979214	0.29441568	3.9213703703703704	0	1	-1	1	2
1260	52.47123880522444	sandeep	0.99491346	0.23776978	3.9213703703703704	0	0	2	1	2
1265	50.00016523130265	unknown	0.9998522	0.28742814	2.7688876543209875	0	1	-1	1	2
1265	30.748689424598386	sandeep	0.96614176	0.33380404	2.7688876543209875	0	0	2	1	2
1270	50.12304694700467	unknown	0.99993384	0.10245527	2.1126185185185187	0	1	-1	1	2
1270	37.28122839700116	apoorva	0.9223507	0.7001983	2.1126185185185187	0	0	0	1	2
1275	49.20803559714873	unknown	0.99994767	0.04979348	1.77040987654321	0	1	-1	1	2
1275	70.06445400965798	sandeep	0.87617123	0.30386084	1.77040987654321	0	0	2	1	2
1280	45.651377450561206	unknown	0.999954	0.06217821	2.2063358024691357	0	1	-1	1	2
1280	59.29638573014032	sandeep	0.9833386	0.10443437	2.2063358024691357	0	0	2	1	2
1285	45.83846186805887	unknown	0.99991894	0.02743739	2.8173567901234566	0	1	-1	1	2
1285	62.39924637029204	sandeep	0.9938093	0.080714524	2.8173567901234566	0	0	2	1	2
1290	54.50130937527066	unknown	0.9998393	0.2881471	3.033537037037037	0	1	-1	1	2
1290	56.768155055543836	sandeep	0.9909031	0.030303486	3.033537037037037	0	0	2	1	2
1295	57.533896918040625	unknown	0.9997298	0.15903974	2.9318555555555554	0	1	-1	1	2
1295	52.992985991494514	sandeep	0.9906213	0.06419714	2.9318555555555554	0	0	2	1	2
1300	36.47952100195814	unknown	0.9987662	0.33540618	3.1918086419753084	0	1	-1	1	2
1300	55.183159348336766	sandeep	0.99286544	0.034111723	3.1918086419753084	0	0	2	1	2
1305	34.76878877959189	unknown	0.9978537	0.47609934	3.014395061728395	0	1	-1	1	2
1305	35.82328672033784	sandeep	0.99245936	0.068378404	3.014395061728395	0	0	2	1	2
1310	43.00110326803464	unknown	0.9912758	0.18738477	3.663758024691358	0	1	-1	1	2
1310	48.66162892749775	unknown	0.98939216	1.1144722	3.663758024691358	0	1	-1	1	2
1315	47.38093188687304	karen	0.99344194	0.46873695	3.0996234567901233	0	0	4	1	2
1315	43.9014594954948	unknown	0.9908214	0.9966768	3.0996234567901233	0	1	-1	1	2
1320	27.162936949209875	james	0.9952496	0.31852388	4.212207407407408	1	0	1	0	2
1320	28.48594612854342	unknown	0.9757481	0.9126909	4.212207407407408	0	1	-1	1	2
1325	31.797039136994158	unknown	0.9942959	1.56932	3.345858024691358	0	1	-1	1	2
1325	33.3772977298036	unknown	0.99187404	1.6222786	3.345858024691358	0	1	-1	1	2
1330	45.43276199238778	unknown	0.9896119	1.5274915	4.00461975308642	0	1	-1	1	2
1330	32.300512086918545	sandeep	0.9716233	0.62844384	4.00461975308642	0	0	2	1	2
1335	38.88394626222109	unknown	0.98921376	0.22190902	3.633016049382716	0	1	-1	1	2
1335	52.50332206593955	sandeep	0.89391077	0.6240922	3.633016049382716	0	0	2	1	2
1340	33.873417436106905	unknown	0.9918602	0.2446504	4.187901234567901	0	1	-1	1	2
1340	33.720250369749174	andrew	0.98783755	0.9999998693490348	4.187901234567901	0	0	7	1	2
1345	43.7723045820509	unknown	0.9933744	0.29608262	4.491072839506173	0	1	-1	1	2
1345	27.26431489792317	unknown	0.95836836	0.77058804	4.491072839506173	0	1	-1	1	2
1350	41.156437769572086	unknown	0.99571323	1.0153148	3.3494913580246912	0	1	-1	1	2
1350	37.616802779911794	unknown	0.9592201	1.2609146	3.3494913580246912	0	1	-1	1	2
1355	46.76285851526502	unknown	0.99466926	1.1328738	2.7473901234567903	0	1	-1	1	1
1360	49.171979362392484	unknown	0.9960412	0.12269965	2.670591358024691	0	1	-1	1	1
1365	44.64070520884243	unknown	0.99764496	0.24633873	2.890862962962963	0	1	-1	1	1
1370	33.7201041867526	unknown	0.99570435	0.19619033	3.0522518518518518	0	1	-1	1	1
1375	43.28902242693697	boris	0.9863647	0.5222017	2.7242925925925925	0	0	5	1	1
1380	34.90657810567065	unknown	0.99856997	0.30219987	3.601	0	1	-1	1	1
1385	36.7353434294841	boris	0.99848926	0.12148477	2.456214814814815	0	0	5	1	1
1390	37.436718330868985	unknown	0.9993104	0.14779107	2.2511111111111113	0	1	-1	1	1
1395	50.539086056224846	unknown	0.99915004	0.17992927	2.419243209876543	0	1	-1	1	1
1400	50.96457957541727	unknown	0.9993772	0.07649751	2.3210098765432097	0	1	-1	1	1
1405	50.87712149714029	unknown	0.9993957	0.03203977	2.086095061728395	0	1	-1	1	1
1410	50.580316637996305	unknown	0.99913675	0.022061784	2.258146913580247	0	1	-1	1	1
1415	49.1779495612933	unknown	0.9986853	0.2608149	2.8750222222222224	0	1	-1	1	1
1420	32.740520669978366	unknown	0.9845061	0.5080488	2.814975308641975	0	1	-1	1	1
1425	38.25668348414112	unknown	0.9987973	0.33770707	2.8263666666666665	0	1	-1	1	1
1430	41.656491898863166	unknown	0.999332	0.15318562	2.664111111111111	0	1	-1	1	1
1435	54.64681227698356	unknown	0.99883884	0.3964213	2.4720864197530865	0	1	-1	1	1
1440	33.43231862516783	unknown	0.99811625	0.42498636	3.599741975308642	0	1	-1	1	1
1445	38.38112767516989	unknown	0.9970595	0.27637136	2.31540987654321	0	1	-1	1	1
1450	40.49306439668913	unknown	0.99656457	0.19582094	2.2025407407407407	0	1	-1	1	1
1455	47.73295774092286	unknown	0.9968201	0.10959634	2.2700567901234567	0	1	-1	1	1
1460	47.814392957616775	unknown	0.99261236	0.048569553	2.4235185185185184	0	1	-1	1	1
1465	45.82020495372435	unknown	0.9825895	0.24854569	2.5636283950617282	0	1	-1	1	1
1470	29.82856810106694	james	0.9951132	0.09012677	2.2362777777777776	1	0	1	0	1
1475	34.803226720547656	unknown	0.998781	0.39131844	2.283125925925926	0	1	-1	1	1
1480	46.14372539193231	unknown	0.9994511	0.13539666	2.5251024691358026	0	1	-1	1	1
1485	46.09297353960491	unknown	0.9994211	0.10595875	2.2123333333333335	0	1	-1	1	1
1490	42.360834334545736	unknown	0.999711	0.2658823	2.9811061728395063	0	1	-1	1	1
1495	55.27011428879807	unknown	0.99975497	0.63852537	3.494504938271605	0	1	-1	1	1
1500	46.60570026079918	unknown	0.9999219	0.5832395	3.7630814814814815	0	1	-1	1	1
1505	48.21332407793464	unknown	0.99975127	0.21576384	2.0989901234567903	0	1	-1	1	1
1510	46.07006863665914	unknown	0.9996244	0.081802025	1.8868839506172839	0	1	-1	1	1
1515	46.80466293204614	unknown	0.9997199	0.0518146	2.093820987654321	0	1	-1	1	1
1520	42.345599097113976	unknown	0.9998839	0.28988189	2.5313185185185185	0	1	-1	1	1
1525	43.71916161527379	unknown	0.9986027	0.32853547	2.8530938271604938	0	1	-1	1	1
1530	49.19590063133448	unknown	0.98398244	0.7366506	2.5294037037037036	0	1	-1	1	1
1535	46.31638592576914	unknown	0.9974692	0.5952121	3.0961246913580247	0	1	-1	1	1
1540	48.44032356961604	unknown	0.9993349	0.77438486	3.523550617283951	0	1	-1	1	1
1545	55.64395354620276	unknown	0.99586123	0.45659757	3.595548148148148	0	1	-1	1	1
1550	54.559963344858	unknown	0.9877921	0.37469926	3.3319160493827162	0	1	-1	1	1
1555	58.17034650532095	unknown	0.97715455	0.3544368	3.1856925925925927	0	1	-1	1	1
1560	54.02984290074882	unknown	0.999419	0.21804309	3.8633777777777776	0	1	-1	1	1
1565	45.74111867984955	unknown	0.99957055	0.13031647	2.4328777777777777	0	1	-1	1	1
1570	48.46479161866153	unknown	0.9996569	0.023612127	2.6845481481481483	0	1	-1	1	1
1575	35.12816102498006	unknown	0.9995167	0.2505268	2.9958851851851853	0	1	-1	1	1
1580	42.64258058777908	unknown	0.9987703	0.24898954	2.958730864197531	0	1	-1	1	1
1585	47.04546524446398	unknown	0.9956899	0.10430935	3.576637037037037	0	1	-1	1	1
1590	43.06968527845481	unknown	0.9931005	0.1143995	3.8278913580246914	0	1	-1	1	1
1595	42.15264584745928	unknown	0.9867546	0.04851477	2.995358024691358	0	1	-1	1	1
1600	41.26155703293042	unknown	0.98029053	0.09537373	2.864058024691358	0	1	-1	1	1
1605	44.74590562839208	unknown	0.9870547	0.3400848	3.523340740740741	0	1	-1	1	1
1610	44.228468714041746	unknown	0.95710355	0.16127372	4.5204	0	1	-1	1	1
1615	52.128408558025974	unknown	0.98799825	0.46199557	4.838128395061728	0	1	-1	1	1
1620	50.0815272435165	unknown	0.99469584	0.4219604	5.24883950617284	0	1	-1	1	1
1625	42.65637309064431	unknown	0.998936	0.2759573	2.956493827160494	0	1	-1	1	1
1630	46.69099930418772	unknown	0.99898285	0.07654728	2.3935172839506174	0	1	-1	1	1
1635	50.068936523479024	unknown	0.99784267	0.013920305	2.090856790123457	0	1	-1	1	1
1640	44.403900634949714	unknown	0.9977229	0.036926255	2.1348481481481483	0	1	-1	1	1
1645	40.17688579654069	unknown	0.9996793	0.14389801	2.93159012345679	0	1	-1	1	1
1650	43.63517065723636	unknown	0.9998685	0.20072284	2.764411111111111	0	1	-1	1	1
1655	38.308361212540106	unknown	0.9999081	0.32201552	2.7477555555555555	0	1	-1	1	1
1660	52.90606096764437	unknown	0.9998939	0.20240143	2.5414283950617285	0	1	-1	1	1
1665	39.739527244048354	unknown	0.9997985	0.14350834	2.244462962962963	0	1	-1	1	1
1670	44.795817438895455	unknown	0.999858	0.053303532	1.9717382716049383	0	1	-1	1	1
1675	47.11875577588384	unknown	0.9998838	0.06251676	1.662941975308642	0	1	-1	1	1
1680	49.12799809988887	unknown	0.9998683	0.03650725	2.9389074074074073	0	1	-1	1	1
1685	50.60446961860961	unknown	0.99982435	0.03754207	1.6371074074074075	0	1	-1	1	1
1690	48.01576826315255	unknown	0.9998511	0.052751765	1.572704938271605	0	1	-1	1	1
1695	45.01859875313857	unknown	0.9995881	0.069223866	1.8378037037037036	0	1	-1	1	1
1700	51.47025436662204	unknown	0.9983516	0.10756212	1.9913469135802468	0	1	-1	1	1
1705	37.30769629865744	unknown	0.9929408	0.22802633	2.4640753086419753	0	1	-1	1	1
1710	32.2623819276269	unknown	0.99590045	0.269621	2.2793234567901233	0	1	-1	1	1
1715	31.871714260016148	unknown	0.99982315	0.065674074	2.2766358024691358	0	1	-1	1	1
1720	44.17845383777645	unknown	0.999782	0.14572832	2.3415604938271604	0	1	-1	1	1
1725	34.17329097750961	james	0.9996896	0.43541476	2.5000086419753087	1	0	1	0	1
1730	28.91247048740898	james	0.99955744	0.3526645	2.527825925925926	1	0	1	0	1
1735	26.2302639959021	unknown	0.99968433	0.8143691	2.2252074074074075	0	1	-1	1	1
1740	28.25199978904127	unknown	0.9998406	0.14270622	3.456667901234568	0	1	-1	1	1
1745	23.758481386526924	james	0.99973875	0.22444853	2.093343209876543	1	0	1	0	1
1750	22.264859221828576	james	0.9998355	0.13403988	1.6795172839506174	1	0	1	0	1
1755	22.37120965510871	james	0.9998927	0.030524086	1.734346913580247	1	0	1	0	1
1760	27.453980672527855	unknown	0.9998938	0.26510638	1.6790851851851851	0	1	-1	1	1
1765	25.564386345844746	unknown	0.9998721	0.13376155	1.8852135802469137	0	1	-1	1	1
1770	22.997771238845036	unknown	0.9998741	0.02106518	1.601620987654321	0	1	-1	1	1
1775	23.81306573998427	unknown	0.9999039	0.023686381	1.659072839506173	0	1	-1	1	1
1780	27.64668764041704	unknown	0.9999002	0.076762274	1.9794864197530864	0	1	-1	1	1
1785	28.234915797990332	unknown	0.9997551	0.107006714	1.8739765432098765	0	1	-1	1	1
1790	33.15451816632842	unknown	0.9968761	0.08647464	2.2363086419753087	0	1	-1	1	1
1795	43.909620883082496	unknown	0.9650194	0.26824218	2.0522456790123456	0	1	-1	1	1
1800	42.88963431734604	unknown	0.96199995	0.08639987	3.0251123456790125	0	1	-1	1	1
1805	51.352196122418825	unknown	0.96098906	0.13701059	1.9372962962962963	0	1	-1	1	1
1810	34.37277942897078	unknown	0.99697804	0.37545526	2.0171555555555556	0	1	-1	1	1
1815	29.161565731252555	unknown	0.9997603	0.16235518	2.1932654320987655	0	1	-1	1	1
1820	49.919156469547566	unknown	0.9999126	0.59927845	2.3566962962962963	0	1	-1	1	1
1825	42.118503827042616	unknown	0.9999193	0.40241322	2.81780987654321	0	1	-1	1	1
1830	46.71432070540869	unknown	0.9993618	0.53103435	2.495248148148148	0	1	-1	1	1
1835	44.730248702141104	unknown	0.9924344	0.40211874	2.227037037037037	0	1	-1	1	1
1840	49.19432174204309	unknown	0.9872569	0.4030578	2.081132098765432	0	1	-1	1	1
1845	36.703316837690345	james	0.9793732	0.7672101	2.2690185185185183	1	0	1	0	1
1850	44.04067908799135	unknown	0.9964749	0.2569965	2.4724851851851852	0	1	-1	1	1
1855	36.60263474264005	unknown	0.9986234	0.2477884	2.2557666666666667	0	1	-1	1	1
1860	35.46212596661418	unknown	0.9992724	0.04215843	3.3618604938271606	0	1	-1	1	1
1865	29.45052895492311	james	0.99965835	0.61796355	1.9509296296296297	1	0	1	0	1
1870	33.92694906996805	unknown	0.9993901	0.11790018	2.426720987654321	0	1	-1	1	1
1875	48.44816515174562	unknown	0.99978787	0.33254808	2.914208641975309	0	1	-1	1	1
1880	52.09256014371554	unknown	0.9990926	0.24237357	2.850669135802469	0	1	-1	1	1
1885	47.61626693539502	unknown	0.9977748	0.12723841	2.3319296296296295	0	1	-1	1	1
1890	45.26798472320328	unknown	0.9984542	0.07255075	2.012220987654321	0	1	-1	1	1
1895	47.29805759092181	unknown	0.99835145	0.23377095	2.3432345679012347	0	1	-1	1	1
1900	46.76689002996796	unknown	0.9984945	0.05629138	2.0375654320987655	0	1	-1	1	1
1905	52.82902447444986	unknown	0.99945384	0.28743398	2.307979012345679	0	1	-1	1	1
1910	47.829463242163754	unknown	0.99988127	0.6400255	2.9378728395061726	0	1	-1	1	1
1915	52.42478800558925	unknown	0.9996815	0.3225465	2.3119913580246916	0	1	-1	1	1
1920	50.9084796606527	unknown	0.9984366	0.33667612	3.289148148148148	0	1	-1	1	1
1925	51.33248007980234	unknown	0.9984707	0.08962606	2.2271444444444444	0	1	-1	1	1
1930	48.983625491186054	unknown	0.9989304	0.25794446	2.678996296296296	0	1	-1	1	1
1935	42.13308071404025	unknown	0.9978114	0.49543363	3.411174074074074	0	1	-1	1	1
1940	34.779750163836795	unknown	0.9906211	0.6802402	3.3174444444444444	0	1	-1	1	1
1945	56.954346994247196	unknown	0.9972692	0.84238505	3.3592913580246915	0	1	-1	1	1
1950	48.169716265063336	unknown	0.998904	0.0633603	2.7436716049382714	0	1	-1	1	1
1955	47.028397147173344	unknown	0.99905056	0.0134685375	2.463216049382716	0	1	-1	1	1
1960	45.441943250118335	unknown	0.9994307	0.05576117	2.921875308641975	0	1	-1	1	1
1965	48.47371271171961	unknown	0.9876409	0.85028195	4.01058024691358	0	1	-1	1	1
1970	51.12394977974289	unknown	0.9996227	0.9763758	3.922530864197531	0	1	-1	1	1
1975	51.003220964933035	unknown	0.9998883	0.4499793	2.7925654320987654	0	1	-1	1	1
1980	54.890911509208905	unknown	0.999724	0.12251555	3.260393827160494	0	1	-1	1	1
1985	54.064150629286225	unknown	0.9991837	0.14397311	2.5788444444444445	0	1	-1	1	1
1990	62.35774780992486	unknown	0.99540174	0.2411707	2.4791037037037036	0	1	-1	1	1
1995	64.00714023795975	unknown	0.99238294	0.152944	2.646425925925926	0	1	-1	1	1
2000	68.34677215739995	unknown	0.95601803	0.23979382	2.447062962962963	0	1	-1	1	1
2005	67.28245777109883	unknown	0.9880009	0.34359264	2.761901234567901	0	1	-1	1	1
2010	65.91100245950862	unknown	0.97658324	0.071467355	2.1180827160493827	0	1	-1	1	1
2015	60.48022945977131	unknown	0.9626362	0.18483332	1.8500148148148148	0	1	-1	1	1
2020	60.94438147717196	unknown	0.969695	0.32419813	2.5005814814814813	0	1	-1	1	1
2025	59.223390105824826	unknown	0.9981846	0.18441802	2.8352345679012347	0	1	-1	1	1
2030	49.54528648418923	unknown	0.9999268	0.56853867	3.3351444444444445	0	1	-1	1	1
2035	45.235474537524276	unknown	0.99957305	0.25277856	3.335825925925926	0	1	-1	1	1
2040	45.935214434194435	unknown	0.97416764	0.2507322	4.391475308641975	0	1	-1	1	1
2045	36.89139195483245	unknown	0.98362756	0.17503348	3.19110987654321	0	1	-1	1	1
2050	42.84267019105171	unknown	0.9981111	0.40406364	2.7068	0	1	-1	1	1
2055	47.641881855190086	unknown	0.9964014	0.24168372	3.070030864197531	0	1	-1	1	1
2060	30.089956405943518	james	0.98497677	0.7996272	2.8817567901234566	1	0	1	0	1
2065	28.358615318213364	james	0.9808431	0.060012423	3.0926358024691356	1	0	1	0	1
2070	30.128951085751055	boris	0.9954953	0.95167065	2.5165345679012345	0	0	5	1	1
2075	31.108187472998527	boris	0.99256647	0.07584207	2.688011111111111	0	0	5	1	1
2080	33.35765886169735	boris	0.9941842	0.062008604	3.0370382716049384	0	0	5	1	1
2085	27.314353432772513	james	0.99744153	0.08995626	2.64819012345679	1	0	1	0	1
2090	33.557674500660575	boris	0.99239993	0.28709108	2.311298765432099	0	0	5	1	1
2095	39.42847998636071	boris	0.994679	0.12805723	2.2527444444444447	0	0	5	1	1
2100	34.51254334116593	boris	0.9981774	0.1614947	4.12509012345679	0	0	5	1	1
2105	30.588022179890533	unknown	0.99945265	0.17668456	2.102974074074074	0	1	-1	1	1
2110	27.73364975577963	unknown	0.99968576	0.2164684	2.4129765432098766	0	1	-1	1	1
2115	65.08847471934489	boris	0.9911782	0.37492192	3.0230592592592593	0	0	5	1	1
2120	33.460011801044836	unknown	0.9975333	0.85151523	3.23530987654321	0	1	-1	1	1
2125	40.19198646710664	boris	0.9926238	0.8604111	2.820862962962963	0	0	5	1	1
2130	39.78897371340677	unknown	0.99855787	0.2141859	2.6162592592592593	0	1	-1	1	1
2135	71.66719206291621	boris	0.9975048	0.48149943	3.233272839506173	0	0	5	1	1
2140	34.49501198581733	boris	0.714899	0.73697114	3.0855888888888887	0	0	5	1	1
2145	48.71473890698717	boris	0.9485529	0.79450047	3.504895061728395	0	0	5	1	1
2150	70.56314341010804	boris	0.99249285	0.57400715	3.584569135802469	0	0	5	1	1
2155	51.54914172505525	boris	0.98535395	0.11816913	2.499375308641975	0	0	5	1	1
2160	36.06205382618653	boris	0.99297935	0.06899622	3.3812086419753085	0	0	5	1	1
2165	42.73453649884759	boris	0.99952984	0.19435763	2.7599493827160493	0	0	5	1	1
2170	56.08034367857826	boris	0.99983454	0.40390813	3.8908074074074075	0	0	5	1	1
2175	33.54638307515519	boris	0.99857354	0.55085236	3.90910987654321	0	0	5	1	1
2180	29.844001936559422	unknown	0.99725074	1.5193207	3.1384814814814814	0	1	-1	1	1
2185	38.7081378557442	unknown	0.99919754	0.1458178	3.595393827160494	0	1	-1	1	1
2190	41.88971750051534	unknown	0.99926895	0.26478544	3.4861024691358025	0	1	-1	1	1
2195	46.87353100059816	unknown	0.99856013	0.23060486	3.5541061728395063	0	1	-1	1	1
2200	49.28790019679703	unknown	0.99634475	0.14906833	3.7147604938271606	0	1	-1	1	1
2205	59.12812165683101	unknown	0.9952449	0.5238449	3.720016049382716	0	1	-1	1	1
2210	45.24431753735451	unknown	0.999808	0.43745184	3.7953074074074076	0	1	-1	1	1
2215	48.1532030405291	unknown	0.99860007	0.6121457	3.5606851851851853	0	1	-1	1	1
2220	49.207998032583696	unknown	0.9947955	0.15567	4.369941975308642	0	1	-1	1	1
2225	46.71423891133815	unknown	0.97460157	0.12323569	3.4512395061728394	0	1	-1	1	1
2230	45.10856514117311	unknown	0.8966783	0.16040275	3.9840876543209878	0	1	-1	1	1
2235	57.8410002692038	unknown	0.76426446	0.35302386	4.288422222222223	0	1	-1	1	1
2240	56.78791607936442	unknown	0.80497056	0.16112982	4.189630864197531	0	1	-1	1	1
2245	52.53416962008121	unknown	0.7289442	0.08271107	4.058786419753086	0	1	-1	1	1
2250	53.75827777921951	unknown	0.74836147	0.1336661	3.1312098765432097	0	1	-1	1	1
2255	54.97355781644841	unknown	0.79850227	0.011110183	2.630388888888889	0	1	-1	1	1
2260	59.53643018428689	unknown	0.7474434	0.35352507	2.700267901234568	0	1	-1	1	1
2265	59.67767423760123	unknown	0.86608803	0.082944766	2.4567814814814817	0	1	-1	1	1
2270	49.763932642853405	unknown	0.8714707	0.09745991	2.1259925925925924	0	1	-1	1	1
2275	55.96159944341552	unknown	0.85987836	0.03317924	2.67679012345679	0	1	-1	1	1
2280	57.38856264010438	unknown	0.8207917	0.051547557	3.7021864197530863	0	1	-1	1	1
2285	58.826929784277674	unknown	0.8599948	0.12905158	4.338446913580247	0	1	-1	1	1
2290	50.59482883119099	unknown	0.84840065	0.25510177	5.367769135802469	0	1	-1	1	1
2295	47.250929874999045	unknown	0.82785356	0.96602476	5.4126666666666665	0	1	-1	1	1
2300	61.06016195952326	unknown	0.98022103	0.23959735	4.957020987654321	0	1	-1	1	1
2305	64.87331914470953	unknown	0.9814316	0.4004999	4.625698765432099	0	1	-1	1	1
2310	60.232705451177736	unknown	0.9974976	0.3774035	3.9883592592592594	0	1	-1	1	1
2315	53.489806817593255	unknown	0.9811763	0.38743114	3.4187382716049384	0	1	-1	1	1
2320	48.316263185572325	unknown	0.9976417	0.15034872	2.9873629629629628	0	1	-1	1	1
2325	38.83924735812705	unknown	0.9930102	0.15178671	3.5624024691358023	0	1	-1	1	1
2330	48.957546521713354	unknown	0.97858024	0.1486693	3.2952777777777778	0	1	-1	1	1
2335	39.162468135372904	unknown	0.9534128	0.27954173	3.3769271604938274	0	1	-1	1	1
2340	42.83927377204141	boris	0.9621533	0.5908586	4.2850469135802465	0	0	5	1	1
2345	46.26021870276763	unknown	0.9869696	0.54950523	3.389377777777778	0	1	-1	1	1
2350	50.44604994786345	unknown	0.99802834	0.20627597	3.6500432098765434	0	1	-1	1	1
2355	54.32604854073199	unknown	0.9997876	0.17449445	3.948337037037037	0	1	-1	1	1
2360	49.511919719103545	unknown	0.9664579	0.23943716	3.8089172839506173	0	1	-1	1	1
2365	46.42249508013989	unknown	0.9990387	0.24694687	3.434332098765432	0	1	-1	1	1
2370	50.032157932394085	unknown	0.97527415	0.31939942	4.714327160493827	0	1	-1	1	1
2375	55.49473460778033	unknown	0.97742486	0.19750346	5.849511111111111	0	1	-1	1	1
2400	51.63482064793935	unknown	0.50322264	0.70474744	6.874487654320988	0	1	-1	1	1
2595	49.856538875318975	sandeep	0.99570316	0.49243414	13.769824691358025	0	0	2	1	1
2600	39.1104675342953	unknown	0.72907174	1.1446124	11.327340740740741	0	1	-1	1	1
2605	80.15822922534156	sandeep	0.78743875	0.88943434	9.297883950617283	1	0	2	0	1
2610	51.65607038299537	sandeep	0.9956846	0.4268986	6.171765432098765	1	0	2	0	1
2615	49.58456219986358	sandeep	0.9991032	0.046328	6.417158024691358	1	0	2	0	1
2620	64.67227173734031	sandeep	0.99944586	0.12629321	5.98966049382716	1	0	2	0	1
2625	73.87279658110386	sandeep	0.9602914	0.18949196	4.819802469135802	1	0	2	0	1
2630	67.1847436899307	sandeep	0.99846834	0.048242297	4.484896296296296	1	0	2	0	1
2635	56.424337002766	sandeep	0.99994504	0.053228397	3.3140938271604936	1	0	2	0	1
2640	49.06806188911076	sandeep	0.9998965	0.3198145	4.4283876543209875	1	0	2	0	1
2645	57.246570881481496	sandeep	0.99930644	0.48502085	3.170620987654321	1	0	2	0	1
2650	59.95935644333	sandeep	0.9976144	0.06023612	4.640232098765432	1	0	2	0	1
2655	55.79346939482319	sandeep	0.99586415	0.24619162	2.394593827160494	1	0	2	0	1
2660	59.191165312177276	sandeep	0.9972349	0.062143914	2.884856790123457	1	0	2	0	1
2665	75.71994707515428	sandeep	0.9989046	0.18475997	3.095853086419753	1	0	2	0	1
2670	72.73876753561139	sandeep	0.9997601	0.09115877	1.901462962962963	1	0	2	0	1
2675	50.50681177841414	sandeep	0.9995266	0.44847333	2.094064197530864	1	0	2	0	1
2680	75.99369930751901	sandeep	0.99948883	0.16501808	1.906020987654321	1	0	2	0	1
2685	79.02133262864804	sandeep	0.9997694	0.19878083	1.9207617283950618	1	0	2	0	1
2690	62.2767742555585	sandeep	0.99975413	0.12821698	1.7717543209876543	1	0	2	0	1
2695	72.92702186235341	sandeep	0.9997596	0.019569436	1.6156358024691357	1	0	2	0	1
2700	80.17555422726856	sandeep	0.99964714	0.023091944	2.9930296296296297	1	0	2	0	1
2705	72.44990630049243	sandeep	0.99964106	0.029427174	1.4559148148148149	1	0	2	0	1
2710	86.7048351357409	sandeep	0.9987173	0.13686243	3.5709419753086418	1	0	2	0	1
2715	40.29741620612532	boris	0.9497299	1.1645782	3.8617753086419753	0	0	5	1	1
2720	38.35137461573642	karen	0.98906916	0.54220915	3.06940987654321	0	0	4	1	1
2725	50.39968852838142	karen	0.99795675	0.088096306	2.9903419753086418	0	0	4	1	1
2730	70.46170075545848	karen	0.99934155	0.057219587	1.806037037037037	0	0	4	1	1
2735	37.350942209504716	unknown	0.99425703	0.39319193	4.555097530864198	0	1	-1	1	1
2740	65.89663698309528	sandeep	0.99978036	0.45864615	5.72738024691358	1	0	2	0	1
2745	65.0074921091189	sandeep	0.999944	0.08874286	6.1320345679012345	1	0	2	0	1
2750	47.866047168777406	sandeep	0.9957683	0.10996726	6.075837037037037	1	0	2	0	1
2755	39.632099856505725	apoorva	0.997767	0.50457156	6.174325925925926	0	0	0	1	1
2760	30.086243539914744	sandeep	0.99710864	0.08251297	7.0289469135802465	1	0	2	0	1
2765	31.846734617514098	karen	0.87796164	0.6324187	5.276571604938272	0	0	4	1	1
2770	37.83867513694314	sandeep	0.9828587	0.25082165	4.939093827160494	1	0	2	0	1
2775	38.67323669756293	boris	0.99457186	0.29714954	4.8516308641975305	0	0	5	1	1
2780	30.438334012130152	boris	0.9877879	0.17493577	3.181141975308642	0	0	5	1	1
2785	26.131683332313127	sandeep	0.981323	0.43362087	1.8180246913580247	1	0	2	0	1
2790	38.62830133038899	sandeep	0.98954344	0.18352023	2.4395555555555557	1	0	2	0	1
2795	69.78873066021113	karen	0.9978649	0.40653902	3.660251851851852	0	0	4	1	1
2800	52.49021257493002	karen	0.9969619	0.095679834	3.8289493827160492	0	0	4	1	1
2805	53.68620742231446	karen	0.97336215	0.067704655	4.148920987654321	0	0	4	1	1
2810	60.437280058912954	karen	0.8374038	0.219474	4.172059259259259	0	0	4	1	1
2815	45.35177693949709	karen	0.94457203	0.19729601	4.067464197530864	0	0	4	1	1
2820	40.930398608272064	sandeep	0.9719325	0.27311623	4.800796296296296	1	0	2	0	1
2825	47.59962412886734	sandeep	0.956666	0.101967126	3.9707777777777777	1	0	2	0	1
2830	29.03960870885001	unknown	0.99575543	0.38191316	4.426218518518518	0	1	-1	1	1
2835	34.18786831990125	karen	0.99993503	0.25128427	3.335850617283951	0	0	4	1	1
2840	37.91909608142623	boris	0.99992764	0.41343424	3.9383567901234566	0	0	5	1	1
2845	58.18030084162532	sandeep	0.9938626	0.76981056	3.9298925925925925	1	0	2	0	1
2850	71.56379898001553	sandeep	0.99007416	0.17234154	2.813306172839506	1	0	2	0	1
2855	77.56544685924126	sandeep	0.99531245	0.031189844	3.308493827160494	1	0	2	0	1
2860	81.25709336377592	sandeep	0.9968359	0.06809518	3.9138604938271606	1	0	2	0	1
2865	82.73151001506072	sandeep	0.9795033	0.087421976	3.8287407407407406	1	0	2	0	1
2870	62.65198744873226	sandeep	0.99486583	0.08913678	5.391796296296296	1	0	2	0	1
2875	83.33953347391233	sandeep	0.9969549	0.30307785	3.7681555555555555	1	0	2	0	1
2880	61.41644496487223	sandeep	0.9992416	0.50980914	4.468918518518518	1	0	2	0	1
2885	22.805952764268696	sandeep	0.9987098	0.35521927	3.1574814814814816	1	0	2	0	1
2890	28.59778813329487	unknown	0.9968797	0.22604412	2.278459259259259	0	1	-1	1	1
2895	30.357287858504716	unknown	0.9983014	0.02284851	2.1701333333333332	0	1	-1	1	1
2900	34.72448973919685	unknown	0.99942505	0.5286572	4.3326	0	1	-1	1	1
2905	83.68910774416615	sandeep	0.99687	0.9454129	4.316562962962963	1	0	2	0	1
2910	83.73492752590982	sandeep	0.99810493	0.051454045	2.863262962962963	1	0	2	0	1
2915	83.34078515456791	sandeep	0.99805367	0.032085363	2.2191901234567903	1	0	2	0	1
2920	76.01700064669103	sandeep	0.9980579	0.019188602	1.781079012345679	1	0	2	0	1
2925	76.47283740689615	sandeep	0.9982768	0.0111924615	2.0058493827160495	1	0	2	0	1
2930	75.23821083585969	sandeep	0.99848723	0.011355634	2.2816901234567903	1	0	2	0	1
2935	83.6338322543067	sandeep	0.9989403	0.06348747	2.9607259259259258	1	0	2	0	1
2940	58.542098987692896	sandeep	0.99722147	0.16491158	4.511351851851852	1	0	2	0	1
2945	61.70520267434878	sandeep	0.9981665	0.029112704	4.585425925925926	1	0	2	0	1
2950	61.59134942103397	sandeep	0.99744487	0.02218084	4.985216049382716	1	0	2	0	1
2955	86.48139814074327	sandeep	0.9988462	0.31633636	4.259482716049383	1	0	2	0	1
2960	82.28732967551048	sandeep	0.99867046	0.038105417	3.2762049382716047	1	0	2	0	1
2965	66.40984174496172	sandeep	0.99841523	0.0674376	2.919411111111111	1	0	2	0	1
2970	81.17636275590128	sandeep	0.99923456	0.03415465	2.6345925925925924	1	0	2	0	1
2975	68.47031125876258	sandeep	0.9993248	0.04489474	2.2615382716049384	1	0	2	0	1
2980	76.4874928167316	sandeep	0.9993611	0.00639152	2.1703691358024693	1	0	2	0	1
2985	86.72245831222243	sandeep	0.9990683	0.22471553	3.7329074074074073	1	0	2	0	1
2990	61.49952840388768	sandeep	0.9999441	0.2632432	6.073616049382716	1	0	2	0	1
2995	68.10710640503274	sandeep	0.9999896	0.082389385	6.353171604938272	1	0	2	0	1
3000	27.85243003585124	sandeep	0.9999659	0.25833422	7.630401234567901	1	0	2	0	1
3005	40.823206499171214	sandeep	0.947724	0.238208	6.524258024691358	1	0	2	0	1
3010	45.12154299111864	sandeep	0.89778763	0.72445893	6.755627160493827	1	0	2	0	1
3015	52.697284551167925	sandeep	0.99671555	0.4893617	6.854553086419753	1	0	2	0	1
3020	35.166288045492095	karen	0.99971217	0.28136992	5.654048148148148	0	0	4	1	1
3025	44.31320029713702	karen	0.99982387	0.036633812	4.708825925925926	0	0	4	1	1
3030	49.13953517378163	karen	0.99990475	0.04099983	3.6579753086419755	0	0	4	1	1
3035	39.46751941029968	karen	0.99954695	0.045150653	2.3100024691358025	0	0	4	1	1
3040	47.61196352169301	sandeep	0.998803	0.1500484	2.162337037037037	1	0	2	0	1
3045	39.20999999856229	karen	0.99934405	0.05365131	2.647937037037037	0	0	4	1	1
3050	31.015172591365452	sandeep	0.99950635	0.20394078	2.5064876543209875	1	0	2	0	1
3055	33.739069867663666	karen	0.9914615	0.21557748	4.9538567901234565	0	0	4	1	1
3060	35.35501371331908	apoorva	0.99899465	0.5889293	6.111481481481482	0	0	0	1	1
3065	43.38571399939737	apoorva	0.999276	0.117943525	4.063081481481482	0	0	0	1	1
3070	26.91666576796979	unknown	0.9698042	0.8806305	3.3888765432098764	0	1	-1	1	1
3075	51.63267617819466	unknown	0.98919314	0.26192147	2.9228185185185187	0	1	-1	1	1
3080	37.000106853829415	unknown	0.99028945	0.04833613	1.7756851851851851	0	1	-1	1	1
3085	45.98876343927509	unknown	0.9921449	0.10936098	2.0329197530864196	0	1	-1	1	1
3090	45.77599341743077	unknown	0.98802406	0.0092905015	1.6860802469135803	0	1	-1	1	1
3095	31.280579197414877	unknown	0.9905466	0.10415009	2.028243209876543	0	1	-1	1	1
3100	29.00203551367459	unknown	0.99248236	0.0773516	1.5128024691358024	0	1	-1	1	1
3105	34.48419289360456	unknown	0.99198496	0.04709609	1.6850962962962963	0	1	-1	1	1
3110	31.88131355941442	unknown	0.993138	0.027637867	1.4880185185185186	0	1	-1	1	1
3115	37.22347728368583	unknown	0.9958527	0.0296433	2.696467901234568	0	1	-1	1	2
3115	41.71872172325375	apoorva	0.5438314	0.66091645	2.696467901234568	0	0	0	1	2
3120	52.92737742251995	karen	0.99559826	0.34102917	6.941969135802469	0	0	4	1	2
3120	49.45787376530791	unknown	0.55953103	0.67725813	6.941969135802469	0	1	-1	1	2
3125	60.13266889151306	sandeep	0.9541209	0.5255116	8.690661728395062	1	0	2	0	2
3125	30.536801437129927	boris	0.5146213	0.9437881	8.690661728395062	0	0	5	1	2
3130	41.543863207229556	sandeep	0.9130248	0.29275358	8.985128395061729	1	0	2	0	1
3135	41.06273693637142	sandeep	0.8382289	0.16250165	7.621849382716049	1	0	2	0	1
3140	43.16759666067105	karen	0.8301523	0.17307441	5.9537049382716045	0	0	4	1	1
3145	38.66966423620855	unknown	0.947253	0.9665547	5.859928395061728	0	1	-1	1	1
3150	58.286841524774104	unknown	0.9482176	0.16761544	4.66740987654321	0	1	-1	1	1
3155	55.20340846234183	boris	0.8445899	0.6500929	3.9864185185185184	0	0	5	1	1
3160	45.04828053408252	unknown	0.8332143	0.63036525	4.840861728395062	0	1	-1	1	1
3165	47.77750930182982	boris	0.83906764	0.16471657	5.71582962962963	0	0	5	1	1
3170	57.16188959684884	unknown	0.90061235	0.5811751	5.4200382716049385	0	1	-1	1	1
