frame_number	SVM_confidence	prediction	face_confidence	embedding_distance	frame_diff_val	correct	unknown	numeric_prediction	offload	num_detect
0	62.644089363631416	apoorva	0.9621735	0.9999999947698954	62.11224938271605	1	0	0	0	1
5	69.64480047207209	apoorva	0.99997425	0.28565508	5.320734567901234	1	0	0	0	2
5	51.16043299469224	sandeep	0.70755535	0.999999901585163	5.320734567901234	1	0	2	0	2
10	78.27242324839189	apoorva	0.9999597	0.06757921	5.438312345679012	1	0	0	0	1
15	64.92504041952706	apoorva	0.99986863	0.07377274	6.072612345679012	1	0	0	0	2
15	39.51218392949038	apoorva	0.98891664	0.71580774	6.072612345679012	1	0	0	0	2
20	80.28584666844374	apoorva	0.9948454	0.6722076	5.802176543209876	1	0	0	0	2
20	37.80749180688356	unknown	0.990914	1.0000001148545752	5.802176543209876	0	1	-1	1	2
25	78.86361640370845	apoorva	0.99908364	0.08454503	4.845603703703704	1	0	0	0	2
25	47.16659321213892	apoorva	0.98667425	0.47720346	4.845603703703704	1	0	0	0	2
30	83.1374737549477	apoorva	0.9999367	0.3713624	4.752558024691358	1	0	0	0	2
30	40.45650202822772	apoorva	0.92301524	0.42661107	4.752558024691358	1	0	0	0	2
35	76.52411234667485	apoorva	0.9991265	0.40410674	5.5629432098765434	1	0	0	0	2
35	48.6148598267186	apoorva	0.9854761	0.5275564	5.5629432098765434	1	0	0	0	2
40	68.37436433761056	apoorva	0.99926203	0.56201494	6.325156790123457	1	0	0	0	2
40	31.236135135003828	unknown	0.9948437	0.1256057	6.325156790123457	0	1	-1	1	2
45	43.949664577034284	apoorva	0.99048156	0.21215534	5.365072839506173	1	0	0	0	1
50	43.88353764237117	apoorva	0.9897301	0.048006535	4.2729691358024695	1	0	0	0	2
50	36.944288848178196	unknown	0.9023824	0.29325834	4.2729691358024695	0	1	-1	1	2
55	86.35090653970242	apoorva	0.9936702	0.20910268	3.6556777777777776	1	0	0	0	1
60	86.66223396319464	apoorva	0.9999447	0.0416684	3.4777	1	0	0	0	1
65	85.53553248445874	apoorva	0.9999169	0.018420147	2.327343209876543	1	0	0	0	2
65	37.147084286334845	apoorva	0.6413003	0.75917846	2.327343209876543	1	0	0	0	2
70	76.89236128891356	apoorva	0.99964046	0.83115935	3.0046123456790124	1	0	0	0	1
75	83.56802114847159	apoorva	0.99873596	0.082371525	5.029639506172839	1	0	0	0	2
75	51.551203165589556	karen	0.9858693	0.9999999559020238	5.029639506172839	0	0	4	1	2
80	87.83402331998866	apoorva	0.9999671	0.14338857	6.286701234567901	1	0	0	0	2
80	69.68105943804356	apoorva	0.9864862	0.37076592	6.286701234567901	1	0	0	0	2
85	84.76038331085013	apoorva	0.999718	0.25851154	7.711439506172839	1	0	0	0	2
85	27.74854685818644	sandeep	0.8931685	0.5284245	7.711439506172839	1	0	2	0	2
90	87.57575486073817	apoorva	0.99923694	0.075239	5.932354320987654	1	0	0	0	2
90	27.65805725833853	apoorva	0.96298504	0.58901477	5.932354320987654	1	0	0	0	2
95	57.960843092356875	apoorva	0.99982435	0.67370206	4.942686419753087	1	0	0	0	2
95	28.12172175455129	karen	0.9847472	0.3798164	4.942686419753087	0	0	4	1	2
100	78.45973571134664	apoorva	0.99983835	0.11025897	4.001576543209876	1	0	0	0	2
100	75.00455141456173	apoorva	0.9684719	0.30888933	4.001576543209876	1	0	0	0	2
105	85.58208808778922	apoorva	0.999418	0.31471938	2.2506814814814815	1	0	0	0	2
105	75.60837791992228	apoorva	0.9762641	0.33247626	2.2506814814814815	1	0	0	0	2
110	80.48415288558772	apoorva	0.9995894	0.34370968	2.4113777777777776	1	0	0	0	2
110	57.1330882378558	apoorva	0.9744543	0.38236237	2.4113777777777776	1	0	0	0	2
115	86.08160945708772	apoorva	0.9988832	0.36357975	3.085667901234568	1	0	0	0	2
115	33.18461116794331	karen	0.88627446	0.14300585	3.085667901234568	0	0	4	1	2
120	85.94590411388906	apoorva	0.99383956	0.013566499	4.727008641975309	1	0	0	0	2
120	60.27744053918589	apoorva	0.755008	0.5454359	4.727008641975309	1	0	0	0	2
125	80.73761211983408	apoorva	0.9982173	0.6853834	8.41297037037037	1	0	0	0	2
125	45.77126054682477	apoorva	0.9457202	0.56889933	8.41297037037037	1	0	0	0	2
130	80.08559718209357	apoorva	0.9998667	0.49297425	6.866093827160494	1	0	0	0	2
130	52.30938341197964	apoorva	0.9864006	0.43702444	6.866093827160494	1	0	0	0	2
135	69.82635764769702	apoorva	0.99947375	0.495336	4.014741975308642	1	0	0	0	2
135	28.406908927172914	apoorva	0.96511483	0.41536996	4.014741975308642	1	0	0	0	2
140	50.73578790175798	apoorva	0.9996419	0.81966114	4.408764197530864	1	0	0	0	2
140	32.860571172418645	apoorva	0.9651626	1.0940962	4.408764197530864	1	0	0	0	2
145	75.84023130500444	apoorva	0.99823904	0.8677125	6.462656790123456	1	0	0	0	2
145	42.23333603955462	karen	0.9714806	0.3573967	6.462656790123456	0	0	4	1	2
150	88.11539258965189	apoorva	0.9970816	0.4615283	9.110397530864198	1	0	0	0	3
150	32.081116866157814	sandeep	0.96680933	0.3761257	9.110397530864198	1	0	2	0	3
150	48.484041311357565	unknown	0.5995222	0.58730114	9.110397530864198	0	1	-1	1	3
155	86.86898034629851	apoorva	0.9994066	0.16639608	10.08157901234568	1	0	0	0	2
155	60.26665148132601	boris	0.6889707	0.999999939547413	10.08157901234568	0	0	5	1	2
160	82.90044640507476	apoorva	0.99987733	0.034084197	6.300851851851852	1	0	0	0	2
160	37.67996947916868	karen	0.56487226	0.8372263	6.300851851851852	0	0	4	1	2
165	82.64468757615583	apoorva	0.99995244	0.010401616	4.796034567901234	1	0	0	0	1
170	80.18114783011094	apoorva	0.9999763	0.022452626	3.7974234567901233	1	0	0	0	1
175	80.73445447205242	apoorva	0.9999602	0.020843603	3.027169135802469	1	0	0	0	2
175	46.432471312356185	boris	0.898214	0.22878563	3.027169135802469	0	0	5	1	2
180	72.79081803890438	apoorva	0.9998373	0.026134621	4.737934567901235	1	0	0	0	2
180	28.26483046808147	apoorva	0.9909174	0.5582349	4.737934567901235	1	0	0	0	2
185	77.43916162435634	apoorva	0.9989287	0.5960274	4.711541975308642	1	0	0	0	2
185	26.681916617393913	sandeep	0.9581952	0.48613837	4.711541975308642	1	0	2	0	2
190	76.57773306054389	apoorva	0.9998677	0.046070732	6.908164197530864	1	0	0	0	2
190	42.58868645432247	apoorva	0.9672295	0.58653635	6.908164197530864	1	0	0	0	2
195	59.6949058101089	apoorva	0.9914486	0.4383127	8.2278987654321	1	0	0	0	2
195	72.05377938369966	apoorva	0.98199373	0.23713519	8.2278987654321	1	0	0	0	2
200	48.282066484018706	apoorva	0.99440855	0.10172581	7.868343209876543	1	0	0	0	2
200	73.26560883773236	apoorva	0.98170805	0.5261546	7.868343209876543	1	0	0	0	2
205	48.32830452535023	apoorva	0.99896884	0.6135712	8.084207407407407	1	0	0	0	2
205	74.60774908063009	apoorva	0.98075783	0.6642405	8.084207407407407	1	0	0	0	2
210	64.84969516900924	apoorva	0.971867	0.1131967	6.4620901234567905	1	0	0	0	2
210	66.69586261817082	apoorva	0.9316877	0.50682545	6.4620901234567905	1	0	0	0	2
215	79.91958735033327	apoorva	0.99658054	0.09290067	6.441334567901235	1	0	0	0	2
215	55.99562799548083	apoorva	0.9271008	0.66363025	6.441334567901235	1	0	0	0	2
220	64.01466747502627	apoorva	0.99984694	0.9007069	5.200928395061728	1	0	0	0	3
220	52.462721082196154	apoorva	0.962858	0.88428134	5.200928395061728	1	0	0	0	3
220	60.19540580004429	unknown	0.724113	0.6790789	5.200928395061728	0	1	-1	1	3
225	61.44371438675527	apoorva	0.9999746	1.0583804	3.818585185185185	1	0	0	0	3
225	49.49112601552043	apoorva	0.98408973	0.9026853	3.818585185185185	1	0	0	0	3
225	60.38635639752803	unknown	0.8594607	0.30401367	3.818585185185185	0	1	-1	1	3
230	60.05688539214016	apoorva	0.9999895	0.7492907	4.080153086419753	1	0	0	0	3
230	52.78683235513459	apoorva	0.9921226	0.70965606	4.080153086419753	1	0	0	0	3
230	62.48686325248114	unknown	0.93125325	0.03873208	4.080153086419753	0	1	-1	1	3
235	48.39278825856423	apoorva	0.99999094	0.8486274	3.547867901234568	1	0	0	0	3
235	67.22588605756171	apoorva	0.9697855	0.5222972	3.547867901234568	1	0	0	0	3
235	60.85505815319535	unknown	0.93529713	0.019236172	3.547867901234568	0	1	-1	1	3
240	42.03091236669434	apoorva	0.9999814	0.58009064	4.1853950617283955	1	0	0	0	3
240	68.43996191432997	apoorva	0.96391135	0.79598796	4.1853950617283955	1	0	0	0	3
240	61.768335689063015	unknown	0.924284	0.08524253	4.1853950617283955	0	1	-1	1	3
245	29.835601669071448	apoorva	0.9999213	0.92950326	3.881179012345679	1	0	0	0	3
245	59.91360383866644	apoorva	0.9835112	1.2616079	3.881179012345679	1	0	0	0	3
245	59.48049439491116	unknown	0.8797805	0.11004493	3.881179012345679	0	1	-1	1	3
250	45.01387303543455	apoorva	0.9998343	0.91408706	4.771711111111111	1	0	0	0	3
250	57.23740530078142	apoorva	0.986602	0.9411938	4.771711111111111	1	0	0	0	3
250	64.09173324441967	unknown	0.6785259	0.1250869	4.771711111111111	0	1	-1	1	3
255	84.26512101852585	apoorva	0.99859995	0.58471096	7.7924444444444445	1	0	0	0	2
255	45.67770276988606	apoorva	0.9852857	0.7445978	7.7924444444444445	1	0	0	0	2
260	76.89707898213558	boris	0.99999356	0.88691354	8.225651851851852	0	0	5	1	2
260	50.85707482157039	apoorva	0.98198664	0.025696259	8.225651851851852	1	0	0	0	2
265	75.947055728819	apoorva	0.99919087	0.9344896	7.234586419753087	1	0	0	0	2
265	52.769576814272426	apoorva	0.9319628	0.71664155	7.234586419753087	1	0	0	0	2
270	44.6228083718838	apoorva	0.9786427	0.15357268	6.935149382716049	1	0	0	0	2
270	79.28344212409371	apoorva	0.9177365	0.79363585	6.935149382716049	1	0	0	0	2
275	79.70095683207629	apoorva	0.9998846	0.030389372	6.258206172839506	1	0	0	0	2
275	38.71139301393936	apoorva	0.9925297	0.553141	6.258206172839506	1	0	0	0	2
280	87.95068247286054	apoorva	0.9999813	0.61898375	5.567237037037037	1	0	0	0	2
280	50.98782575386625	sandeep	0.9857577	0.29674703	5.567237037037037	1	0	2	0	2
285	82.63288256856937	apoorva	0.99996877	0.031002931	3.98668024691358	1	0	0	0	2
285	26.218388713886	boris	0.67378706	1.4116917	3.98668024691358	0	0	5	1	2
290	82.90136707444192	apoorva	0.99993753	0.011577742	4.323695061728395	1	0	0	0	1
295	86.58474181129468	apoorva	0.999992	0.06035025	3.7701827160493826	1	0	0	0	1
300	87.89317706881555	apoorva	0.9999939	0.016703423	4.497585185185185	1	0	0	0	1
305	82.44908294925169	apoorva	0.99997616	0.02959381	3.3239111111111113	1	0	0	0	1
310	80.42968827020634	apoorva	0.99998367	0.070645235	4.804218518518518	1	0	0	0	1
315	62.60519046539738	apoorva	0.9998847	0.07285284	5.320335802469136	1	0	0	0	1
320	70.58969109320294	apoorva	0.9978174	0.06961104	4.483459259259259	1	0	0	0	1
325	69.91897316989237	apoorva	0.9950513	0.049120843	4.014151851851852	1	0	0	0	1
330	63.7404544539495	apoorva	0.9835841	0.081939876	2.9920185185185186	1	0	0	0	1
335	39.508294997173024	apoorva	0.8970713	0.1276459	2.9983901234567902	1	0	0	0	1
340	44.55884980320741	karen	0.92875	0.70173395	4.377856790123457	0	0	4	1	1
345	25.3537724888023	unknown	0.63927794	1.3616762	5.940103703703704	0	1	-1	1	1
350	54.410302234293454	sandeep	0.7904268	0.38637704	7.114533333333333	1	0	2	0	1
600	32.410139831168806	unknown	0.99708563	0.47034723	5.723406172839506	0	1	-1	1	2
600	68.01376542622408	apoorva	0.9822364	0.11823178	5.723406172839506	0	0	0	1	2
605	33.483192941828136	james	0.99850416	0.9999998644840321	4.993432098765432	1	0	1	0	2
605	35.79631436987833	sandeep	0.9494215	0.35112494	4.993432098765432	0	0	2	1	2
610	32.73923513280611	james	0.9930977	0.14376579	5.398591358024691	1	0	1	0	2
610	46.939878435657974	karen	0.76920414	0.450894	5.398591358024691	0	0	4	1	2
615	46.15423812100265	karen	0.9247775	0.13239421	5.598934567901234	0	0	4	1	2
615	41.822596739056756	unknown	0.6426269	0.6780915	5.598934567901234	0	1	-1	1	2
620	47.00088469508376	karen	0.9515757	0.05325896	4.614062962962963	0	0	4	1	2
620	54.514263842653854	unknown	0.7644867	0.34123364	4.614062962962963	0	1	-1	1	2
625	34.99330947011308	james	0.9941047	0.42840606	4.923603703703703	1	0	1	0	2
625	52.47617263137781	apoorva	0.93974495	0.34848726	4.923603703703703	0	0	0	1	2
630	33.99610398780589	james	0.9911942	0.10632829	4.851446913580247	1	0	1	0	2
630	74.724780353676	apoorva	0.9540407	0.12768863	4.851446913580247	0	0	0	1	2
635	32.73084687052855	james	0.9891935	0.052512664	3.4717246913580246	1	0	1	0	2
635	81.13845433440144	apoorva	0.95977473	0.12920137	3.4717246913580246	0	0	0	1	2
640	36.3124825964997	unknown	0.9906006	0.50705755	3.7758962962962963	0	1	-1	1	2
640	87.11945608130188	apoorva	0.9576128	0.10272792	3.7758962962962963	0	0	0	1	2
645	43.33783945201121	unknown	0.9941409	0.03253997	2.850712345679012	0	1	-1	1	2
645	78.53380524618171	apoorva	0.9037052	0.17777433	2.850712345679012	0	0	0	1	2
650	38.86746262826316	unknown	0.99592376	0.09599175	4.414837037037037	0	1	-1	1	2
650	78.06090265427382	apoorva	0.7718032	0.14469951	4.414837037037037	0	0	0	1	2
655	49.10975506132429	unknown	0.9999411	0.21691328	5.3537691358024695	0	1	-1	1	2
655	53.401236536399146	apoorva	0.90638846	0.13802259	5.3537691358024695	0	0	0	1	2
660	55.03742537118822	unknown	0.9994448	0.40104553	6.185292592592592	0	1	-1	1	2
660	60.17360580802729	apoorva	0.963403	0.13216843	6.185292592592592	0	0	0	1	2
665	58.917433592759274	unknown	0.9982413	0.5024321	4.641560493827161	0	1	-1	1	2
665	57.39327303667115	apoorva	0.9608095	0.07776384	4.641560493827161	0	0	0	1	2
670	47.48988795556966	karen	0.96427643	0.18670884	3.9409172839506175	0	0	4	1	1
675	63.25766691501232	unknown	0.99874425	0.8488383	4.269398765432099	0	1	-1	1	2
675	37.09349134158473	apoorva	0.89629376	0.22722039	4.269398765432099	0	0	0	1	2
680	47.75341969815746	unknown	0.99768615	0.8119583	2.9300444444444445	0	1	-1	1	2
680	49.06258681092696	apoorva	0.7829129	0.11079526	2.9300444444444445	0	0	0	1	2
685	52.178613550242744	unknown	0.9982646	0.05092512	2.9252444444444445	0	1	-1	1	2
685	74.46927545170158	apoorva	0.788167	0.14201984	2.9252444444444445	0	0	0	1	2
690	45.649950016806706	unknown	0.99960226	0.2791196	4.364269135802469	0	1	-1	1	2
690	72.08271524475497	apoorva	0.8014344	0.04821565	4.364269135802469	0	0	0	1	2
695	52.909741432884196	unknown	0.99376935	0.34290165	4.867598765432099	0	1	-1	1	2
695	83.45499207032186	apoorva	0.8353599	0.14187837	4.867598765432099	0	0	0	1	2
700	56.79215827369667	unknown	0.99996316	0.12300554	5.065344444444444	0	1	-1	1	2
700	75.09956909033413	apoorva	0.82739556	0.046828546	5.065344444444444	0	0	0	1	2
705	50.4258864721905	unknown	0.99738127	0.108842	4.343858024691358	0	1	-1	1	2
705	36.75974019363377	apoorva	0.7732164	0.31592578	4.343858024691358	0	0	0	1	2
710	39.88766859794748	unknown	0.9937629	0.1588213	3.5858395061728396	0	1	-1	1	2
710	45.62842137680068	karen	0.851547	0.15749708	3.5858395061728396	0	0	4	1	2
715	49.666120434511235	unknown	0.9950316	0.11727452	3.260367901234568	0	1	-1	1	2
715	37.48676745522267	karen	0.7804224	0.24493203	3.260367901234568	0	0	4	1	2
720	55.40591691018203	unknown	0.9937967	0.07851553	3.720820987654321	0	1	-1	1	2
720	45.71006538839512	sandeep	0.89250755	0.46158576	3.720820987654321	0	0	2	1	2
725	34.95849382265837	james	0.9976992	0.36260122	2.698120987654321	1	0	1	0	2
725	38.89920074617053	karen	0.89270073	0.07134139	2.698120987654321	0	0	4	1	2
730	49.68879305840914	unknown	0.9994	0.12170822	3.2009913580246914	0	1	-1	1	2
730	40.49594574196028	karen	0.91517055	0.020842534	3.2009913580246914	0	0	4	1	2
735	38.93694067107736	unknown	0.9959395	1.0378656	4.418361728395062	0	1	-1	1	2
735	61.73750471176022	karen	0.9338358	0.10423522	4.418361728395062	0	0	4	1	2
740	49.48166516004723	karen	0.9108437	0.042563915	3.8305	0	0	4	1	2
740	47.00072660387784	boris	0.9042519	0.9050302	3.8305	0	0	5	1	2
745	54.433884852774526	boris	0.93984634	0.25993904	3.7831691358024693	0	0	5	1	2
745	43.249861207080144	apoorva	0.9333164	0.24482325	3.7831691358024693	0	0	0	1	2
750	37.745565422143166	boris	0.9774695	0.14546716	2.605406172839506	0	0	5	1	2
750	25.08377736861549	apoorva	0.923216	0.15878531	2.605406172839506	0	0	0	1	2
755	46.60415277908244	boris	0.98975194	0.040409315	2.4532382716049383	0	0	5	1	2
755	45.138393755486454	karen	0.7827491	0.2996311	2.4532382716049383	0	0	4	1	2
760	64.37540651104602	boris	0.9769643	0.06339612	2.801545679012346	0	0	5	1	2
760	85.56600131927755	apoorva	0.95595956	0.49841648	2.801545679012346	0	0	0	1	2
765	79.39650755366095	apoorva	0.97208154	0.26143464	2.670561728395062	0	0	0	1	2
765	58.31479988065128	boris	0.95057225	0.14254636	2.670561728395062	0	0	5	1	2
770	83.16276800842908	apoorva	0.9705978	0.21805793	2.60081975308642	0	0	0	1	2
770	38.0363883133165	boris	0.8978677	0.20371196	2.60081975308642	0	0	5	1	2
775	81.07767049352319	apoorva	0.97441226	0.080980346	2.308141975308642	0	0	0	1	2
775	65.46459969454968	boris	0.9340263	0.15382068	2.308141975308642	0	0	5	1	2
780	70.67739283453153	boris	0.95166457	0.032219198	3.7758234567901234	0	0	5	1	2
780	86.70640910599914	apoorva	0.9365409	0.3329515	3.7758234567901234	0	0	0	1	2
785	69.46667558784738	boris	0.96839863	0.02865017	2.687325925925926	0	0	5	1	2
785	38.55458161304621	karen	0.8602079	0.08908191	2.687325925925926	0	0	4	1	2
790	60.516051812554075	boris	0.99346405	0.028394872	2.8771802469135803	0	0	5	1	2
790	46.46775306645897	karen	0.8106617	0.043029748	2.8771802469135803	0	0	4	1	2
795	76.34295116782745	boris	0.9984047	0.06937104	2.9599345679012345	0	0	5	1	2
795	80.41388037816408	apoorva	0.8376099	0.06956045	2.9599345679012345	0	0	0	1	2
800	72.62208297191968	boris	0.9994672	0.07310458	2.5830407407407407	0	0	5	1	2
800	81.03649772538853	apoorva	0.8764064	0.09967555	2.5830407407407407	0	0	0	1	2
805	49.20321639813184	boris	0.99969304	0.12121886	3.0908333333333333	0	0	5	1	2
805	83.65360075377579	apoorva	0.8150138	0.07831256	3.0908333333333333	0	0	0	1	2
810	74.1037050104831	boris	0.99966	0.14017016	3.285569135802469	0	0	5	1	2
810	87.33396092807695	apoorva	0.81630635	0.10203697	3.285569135802469	0	0	0	1	2
815	28.317771434669414	unknown	0.98087436	0.20579678	3.7288925925925924	0	1	-1	1	2
815	78.90342784719599	apoorva	0.79555416	0.055803925	3.7288925925925924	0	0	0	1	2
820	39.249560217934935	unknown	0.99963856	0.55966103	3.791874074074074	0	1	-1	1	2
820	84.5910988798286	apoorva	0.77219677	0.025790632	3.791874074074074	0	0	0	1	2
825	35.73333848366159	unknown	0.9973355	0.17615697	3.945475308641975	0	1	-1	1	2
825	84.58085231239097	apoorva	0.7961169	0.03158123	3.945475308641975	0	0	0	1	2
830	32.79698734343655	unknown	0.8635577	0.25415826	3.643995061728395	0	1	-1	1	2
830	80.49561305107784	apoorva	0.80787003	0.022850093	3.643995061728395	0	0	0	1	2
835	37.076004478849775	unknown	0.9930884	0.2513498	3.838183950617284	0	1	-1	1	2
835	24.02127460243439	unknown	0.9717245	1.616369	3.838183950617284	0	1	-1	1	2
840	48.11125249347046	unknown	0.99949455	1.7407023	4.918328395061728	0	1	-1	1	2
840	34.7008766846684	apoorva	0.94401735	0.7580389	4.918328395061728	0	0	0	1	2
845	51.4244048535471	unknown	0.997818	0.09459923	3.946203703703704	0	1	-1	1	2
845	29.166292668655018	apoorva	0.79906154	0.101205274	3.946203703703704	0	0	0	1	2
850	58.38712703428849	unknown	0.97620004	0.33455336	3.192177777777778	0	1	-1	1	2
850	39.81225655996017	unknown	0.57790875	1.500659	3.192177777777778	0	1	-1	1	2
855	58.90129654559443	unknown	0.9530248	1.3873451	3.2492888888888887	0	1	-1	1	2
855	41.37938938335715	sandeep	0.51715916	0.55418307	3.2492888888888887	0	0	2	1	2
860	52.586712986617634	unknown	0.99994385	0.21322349	5.248891358024691	0	1	-1	1	2
860	43.96150175791195	unknown	0.8009689	1.0664511	5.248891358024691	0	1	-1	1	2
865	50.275289112764334	unknown	0.93761784	0.90912867	6.9324358024691355	0	1	-1	1	2
865	41.58521568245101	unknown	0.70236707	0.7243267	6.9324358024691355	0	1	-1	1	2
870	45.14027346099418	unknown	0.9993617	1.2441363	6.950916049382716	0	1	-1	1	1
875	54.14473309080628	unknown	0.97762877	0.50018334	6.347017283950617	0	1	-1	1	1
880	49.461124183906925	unknown	0.793067	0.07266469	3.939446913580247	0	1	-1	1	1
885	53.84250539740045	unknown	0.9908015	0.15164994	6.905466666666666	0	1	-1	1	1
890	46.45337013093359	unknown	0.99714005	0.37737757	7.160154320987655	0	1	-1	1	1
895	49.1177651141788	unknown	0.9800853	0.22219723	6.081059259259259	0	1	-1	1	2
895	35.37111205947463	karen	0.545694	0.6418099	6.081059259259259	0	0	4	1	2
900	47.287350105546246	unknown	0.99935585	0.47821206	8.728645679012345	0	1	-1	1	2
900	74.68900882631492	boris	0.6652584	0.6666776	8.728645679012345	0	0	5	1	2
905	81.97296951643682	boris	0.5370371	0.26569408	5.12732962962963	0	0	5	1	1
910	40.250647795740804	unknown	0.7362047	1.3387048	4.908446913580247	0	1	-1	1	1
920	61.087864088809965	unknown	0.99366015	1.5371692	5.636046913580247	0	1	-1	1	1
925	60.35199545802341	unknown	0.99945027	0.1929623	6.039445679012346	0	1	-1	1	1
930	61.66570248627147	unknown	0.9993832	0.15455168	5.762028395061728	0	1	-1	1	1
935	59.18964118566454	unknown	0.9835023	0.20175865	5.788807407407408	0	1	-1	1	1
940	62.20497562135535	unknown	0.9959727	0.17495653	5.41913086419753	0	1	-1	1	1
945	63.61410140202162	unknown	0.9963038	0.19773954	4.636438271604939	0	1	-1	1	1
950	66.26929232591353	unknown	0.99519736	0.042858295	3.324085185185185	0	1	-1	1	1
955	65.84139061336238	unknown	0.9933955	0.029241089	3.040287654320988	0	1	-1	1	1
960	65.55673586218869	unknown	0.9969091	0.03308471	4.15771975308642	0	1	-1	1	1
965	63.60881590554298	unknown	0.9977997	0.037631843	2.9172530864197532	0	1	-1	1	1
970	63.32942675016954	unknown	0.99611	0.06613198	2.930593827160494	0	1	-1	1	1
975	61.4527855679116	unknown	0.9933309	0.201993	2.866716049382716	0	1	-1	1	1
980	60.31726502700264	unknown	0.983004	0.077080324	3.25909012345679	0	1	-1	1	1
985	60.49101559586194	unknown	0.998939	0.090963125	3.280240740740741	0	1	-1	1	1
990	47.04845197046896	unknown	0.99971145	0.21049964	2.9647345679012345	0	1	-1	1	1
995	60.13681408004605	unknown	0.9997868	0.19560741	3.6119913580246914	0	1	-1	1	1
1000	61.435712337004546	unknown	0.9995752	0.059875943	4.701995061728395	0	1	-1	1	1
1005	62.49474611619269	unknown	0.9990601	0.22656856	3.482372839506173	0	1	-1	1	1
1010	58.590330124673116	unknown	0.99871576	0.17422628	3.6985	0	1	-1	1	1
1015	58.319781238155876	unknown	0.9910272	0.2799664	5.471567901234568	0	1	-1	1	1
1020	54.32609576832475	unknown	0.98999363	0.79467297	7.311406172839506	0	1	-1	1	1
1025	52.960961374323745	unknown	0.99678874	0.17924932	5.506172839506172	0	1	-1	1	1
1030	47.76369667253025	unknown	0.9984016	0.10893	4.099344444444444	0	1	-1	1	1
1035	57.093740595801975	boris	0.99686605	0.7422762	6.045433333333333	0	0	5	1	1
1040	79.6170243788401	boris	0.998953	0.27766603	5.858167901234568	0	0	5	1	1
1045	45.13306229368445	boris	0.9987645	0.3005954	5.741312345679012	0	0	5	1	1
1050	48.71206499596254	unknown	0.99949753	1.2330492	5.071601234567901	0	1	-1	1	1
1055	57.78463951061509	unknown	0.99958366	0.49189538	3.37459012345679	0	1	-1	1	2
1055	50.06582489668672	unknown	0.6110646	1.2329153	3.37459012345679	0	1	-1	1	2
1060	62.70425051366985	unknown	0.9955552	1.1682034	3.134941975308642	0	1	-1	1	1
1065	40.55400642349036	unknown	0.9834192	0.5283253	3.421567901234568	0	1	-1	1	1
1070	48.051505953597314	unknown	0.894193	0.23663041	3.066075308641975	0	1	-1	1	1
1075	48.37617718827839	unknown	0.9498726	0.09821609	2.774225925925926	0	1	-1	1	1
1080	32.767767277887515	unknown	0.97566104	0.06501576	3.382446913580247	0	1	-1	1	1
1085	38.2201282467307	unknown	0.985436	0.10043304	2.4797864197530863	0	1	-1	1	1
1090	32.30914379137661	james	0.9841765	0.5313247	2.5967876543209876	1	0	1	0	1
1095	30.28142770419476	james	0.9892755	0.046680596	2.4459086419753087	1	0	1	0	1
1100	29.941871673645377	james	0.9844901	0.07683234	2.59321975308642	1	0	1	0	1
1105	43.650793883780196	unknown	0.95597446	0.26509726	3.2246802469135805	0	1	-1	1	1
1110	46.25504184220715	unknown	0.9641216	0.06145986	3.084953086419753	0	1	-1	1	1
1115	53.33612947593198	unknown	0.9907539	0.056526527	2.9457407407407405	0	1	-1	1	1
1120	50.93152986249964	unknown	0.9555282	0.05948102	2.7212851851851854	0	1	-1	1	1
1125	53.00139130149536	unknown	0.9554785	0.10889001	2.839572839506173	0	1	-1	1	1
1130	49.23629437837563	unknown	0.98847485	0.106590375	2.9945037037037037	0	1	-1	1	1
1135	47.7407913635316	unknown	0.9951298	0.0692534	2.554867901234568	0	1	-1	1	1
1140	50.3806158964942	unknown	0.998664	0.13197376	3.5594765432098767	0	1	-1	1	1
1145	47.2333618291141	unknown	0.9990602	0.04201919	2.412179012345679	0	1	-1	1	1
1150	43.71506382900863	unknown	0.9993573	0.1455561	2.4471679012345677	0	1	-1	1	1
1155	47.980795205233576	unknown	0.99941957	0.04968307	2.396827160493827	0	1	-1	1	1
1160	47.766497146345976	unknown	0.9992718	0.08560193	2.4777543209876542	0	1	-1	1	1
1165	56.85649362853154	unknown	0.99912316	0.050126947	3.0191518518518516	0	1	-1	1	1
1170	58.65431082207435	unknown	0.9989911	0.05193759	3.69210987654321	0	1	-1	1	1
1175	59.039706733639605	unknown	0.9985868	0.10513802	4.613918518518519	0	1	-1	1	1
1180	64.12927690928795	unknown	0.99734026	0.116555676	7.235640740740741	0	1	-1	1	1
1200	29.752648559970968	sandeep	0.9902546	0.43589407	6.670903703703703	1	0	2	0	2
1200	38.03478799060843	unknown	0.97021616	0.42399776	6.670903703703703	0	1	-1	1	2
1205	60.44565477603491	sandeep	0.9863013	0.6059091	5.361734567901235	1	0	2	0	2
1205	39.83746578930711	unknown	0.95801836	0.16615054	5.361734567901235	0	1	-1	1	2
1210	40.7863080223344	unknown	0.999592	0.21957016	6.503444444444445	0	1	-1	1	2
1210	43.35377392836685	apoorva	0.97991794	0.25586766	6.503444444444445	0	0	0	1	2
1215	45.3422007367217	unknown	0.9981694	0.0898619	7.203083950617284	0	1	-1	1	2
1215	31.124724987168285	unknown	0.80387574	0.9482734	7.203083950617284	0	1	-1	1	2
1220	49.631465502855335	unknown	0.99859506	0.826707	5.524793827160494	0	1	-1	1	1
1225	50.96057431723949	unknown	0.9986639	0.13597064	7.469307407407407	0	1	-1	1	2
1225	37.316318339877725	unknown	0.69576263	0.87768996	7.469307407407407	0	1	-1	1	2
1230	55.20248931648263	unknown	0.9757441	1.2068911	7.582561728395062	0	1	-1	1	2
1230	27.74016424312997	unknown	0.6287758	1.2812839	7.582561728395062	0	1	-1	1	2
1235	62.125799968181695	unknown	0.9963247	1.4863839	6.225930864197531	0	1	-1	1	2
1235	24.67185378707784	apoorva	0.85180104	0.23905234	6.225930864197531	0	0	0	1	2
1240	63.3745074158092	unknown	0.9979736	0.08419634	4.467228395061729	0	1	-1	1	2
1240	39.39482798518171	sandeep	0.88741463	0.44838205	4.467228395061729	1	0	2	0	2
1245	51.61674928353474	unknown	0.998664	0.36719793	3.8689950617283952	0	1	-1	1	2
1245	58.867924354852384	apoorva	0.7192912	0.75442106	3.8689950617283952	0	0	0	1	2
1250	43.1130629968299	unknown	0.9987508	0.17251599	3.530337037037037	0	1	-1	1	2
1250	47.437505178177105	apoorva	0.86288697	0.2716565	3.530337037037037	0	0	0	1	2
1255	29.813519652223487	james	0.9986395	0.54937685	2.844920987654321	1	0	1	0	2
1255	55.69365882784227	sandeep	0.7180459	0.14642258	2.844920987654321	1	0	2	0	2
1260	38.86097770686547	unknown	0.99837804	0.24393387	3.6979246913580246	0	1	-1	1	2
1260	43.21648606302067	sandeep	0.7687029	0.19542319	3.6979246913580246	1	0	2	0	2
1265	40.21583074021909	unknown	0.99874914	0.121814504	2.485524691358025	0	1	-1	1	2
1265	45.88876977807017	sandeep	0.75820905	0.010213983	2.485524691358025	1	0	2	0	2
1270	52.98924226348743	unknown	0.99819237	0.11997831	2.095501234567901	0	1	-1	1	2
1270	35.00176654954552	karen	0.82116485	0.4769166	2.095501234567901	0	0	4	1	2
1275	54.92363861383035	unknown	0.9976901	0.04866366	2.045640740740741	0	1	-1	1	2
1275	43.83859779174212	karen	0.888639	0.027401928	2.045640740740741	0	0	4	1	2
1280	56.99223385786995	unknown	0.99728274	0.02987215	2.0410716049382716	0	1	-1	1	2
1280	39.612534955169295	sandeep	0.92029494	0.4987766	2.0410716049382716	1	0	2	0	2
1285	50.13906132458903	unknown	0.9959645	0.103919506	2.102895061728395	0	1	-1	1	2
1285	52.87089899797872	sandeep	0.95299035	0.070221834	2.102895061728395	1	0	2	0	2
1290	47.736676785292374	unknown	0.9957314	0.02854329	2.6138222222222223	0	1	-1	1	2
1290	37.69641683415045	apoorva	0.7948478	0.14980978	2.6138222222222223	0	0	0	1	2
1295	48.39412826113721	unknown	0.9952602	0.04715021	3.4028456790123456	0	1	-1	1	2
1295	31.635404603368443	sandeep	0.97697896	0.23829015	3.4028456790123456	1	0	2	0	2
1300	48.99578989220019	unknown	0.9966654	0.056409724	3.9346654320987655	0	1	-1	1	2
1300	40.25736374429296	sandeep	0.9789519	0.113500595	3.9346654320987655	1	0	2	0	2
1305	54.17198168345026	unknown	0.9939458	0.024874255	3.7312074074074073	0	1	-1	1	2
1305	42.98673746929433	sandeep	0.98338735	0.10669871	3.7312074074074073	1	0	2	0	2
1310	49.93799252061632	unknown	0.98789924	0.09423133	3.8847654320987655	0	1	-1	1	2
1310	53.028346146580084	sandeep	0.9756698	0.36716706	3.8847654320987655	1	0	2	0	2
1315	40.2262220288892	unknown	0.9844826	0.12834685	3.6834543209876545	0	1	-1	1	2
1315	31.968653222663207	sandeep	0.83186895	0.5449282	3.6834543209876545	1	0	2	0	2
1320	45.84105913403929	sandeep	0.9733487	0.089381754	4.709781481481482	1	0	2	0	2
1320	36.117990089483925	unknown	0.97169703	0.19344912	4.709781481481482	0	1	-1	1	2
1325	34.110688095020706	sandeep	0.992054	0.132712	3.340911111111111	1	0	2	0	2
1325	32.74701647315791	unknown	0.95543236	0.10077891	3.340911111111111	0	1	-1	1	2
1330	44.316858366745926	sandeep	0.9834942	0.21716098	3.2686395061728395	1	0	2	0	2
1330	42.1871195721034	unknown	0.9646734	0.06894979	3.2686395061728395	0	1	-1	1	2
1335	43.0632058116353	unknown	0.97769076	0.13977876	4.1590185185185184	0	1	-1	1	2
1335	46.46148705998507	unknown	0.9473899	1.6623259	4.1590185185185184	0	1	-1	1	2
1340	49.96945235706641	unknown	0.9816683	1.6364498	4.602104938271605	0	1	-1	1	2
1340	27.84581750715784	unknown	0.70682454	1.489712	4.602104938271605	0	1	-1	1	2
1345	51.86697809299537	unknown	0.99080276	1.2537947	4.648003703703703	0	1	-1	1	2
1345	48.790095978506734	unknown	0.97390115	1.3790263	4.648003703703703	0	1	-1	1	2
1350	62.23148614952638	unknown	0.9931685	1.104823	3.8086592592592594	0	1	-1	1	2
1350	50.28892187038447	apoorva	0.8456885	0.22048654	3.8086592592592594	0	0	0	1	2
1355	64.32134780157465	unknown	0.99556327	0.067313574	3.4662740740740743	0	1	-1	1	2
1355	37.13069047085338	unknown	0.90630984	1.0579723	3.4662740740740743	0	1	-1	1	2
1360	65.58574352147672	unknown	0.99546057	1.143698	3.172204938271605	0	1	-1	1	2
1360	38.26871833903102	unknown	0.97953886	1.1578175	3.172204938271605	0	1	-1	1	2
1365	69.25682862165367	unknown	0.9928336	1.1402595	3.2804185185185184	0	1	-1	1	2
1365	43.807417268749035	apoorva	0.99186474	0.24172005	3.2804185185185184	0	0	0	1	2
1370	47.28927980275351	apoorva	0.9947403	0.08071612	3.7515938271604936	0	0	0	1	2
1370	61.71419294750894	unknown	0.9832494	0.1979479	3.7515938271604936	0	1	-1	1	2
1375	34.61633234173402	apoorva	0.9769394	0.20336726	4.12607037037037	0	0	0	1	2
1375	55.6640790612479	unknown	0.909516	0.16735582	4.12607037037037	0	1	-1	1	2
1380	36.98627615188635	apoorva	0.93576217	0.11397002	4.776487654320988	0	0	0	1	2
1380	65.52584937603324	unknown	0.8559965	0.18600368	4.776487654320988	0	1	-1	1	2
1385	46.32773451822874	apoorva	0.957105	0.113736875	4.832456790123457	0	0	0	1	2
1385	65.1437178022083	unknown	0.8242558	0.10791994	4.832456790123457	0	1	-1	1	2
1390	42.34330433749884	unknown	0.9933217	1.3604045	5.89968024691358	0	1	-1	1	3
1390	64.92206175034923	unknown	0.9267131	1.7596501	5.89968024691358	0	1	-1	1	3
1390	40.42880604916867	apoorva	0.6666202	0.54115075	5.89968024691358	0	0	0	1	3
1395	47.70314517029535	unknown	0.99532676	1.5735261	5.436016049382716	0	1	-1	1	3
1395	75.42154769103072	apoorva	0.9629734	0.23160335	5.436016049382716	0	0	0	1	3
1395	64.72204629146033	unknown	0.9552514	1.6099342	5.436016049382716	0	1	-1	1	3
1400	63.45417091997147	unknown	0.94314903	0.027996138	5.030188888888889	0	1	-1	1	3
1400	39.94947204792609	sandeep	0.918079	0.22282965	5.030188888888889	1	0	2	0	3
1400	74.15953304934611	apoorva	0.88104284	0.09425475	5.030188888888889	0	0	0	1	3
1405	25.924757696387058	sandeep	0.9995757	0.15250307	4.0621629629629625	1	0	2	0	3
1405	75.3000662447578	apoorva	0.9698897	0.07181972	4.0621629629629625	0	0	0	1	3
1405	73.00178036043178	unknown	0.859362	0.56799525	4.0621629629629625	0	1	-1	1	3
1410	34.571474341986494	sandeep	0.99941206	0.08423844	3.1533654320987656	1	0	2	0	3
1410	83.55871023509096	apoorva	0.9143557	0.11945756	3.1533654320987656	0	0	0	1	3
1410	72.07028059463833	unknown	0.8595065	0.22536607	3.1533654320987656	0	1	-1	1	3
1415	60.926263396825	sandeep	0.99078935	0.11700016	3.9366604938271603	1	0	2	0	3
1415	86.53175814332137	apoorva	0.98697364	0.041567594	3.9366604938271603	0	0	0	1	3
1415	71.3063583124469	unknown	0.96716064	0.26968658	3.9366604938271603	0	1	-1	1	3
1420	90.71763610379243	apoorva	0.9886664	0.10661393	4.194683950617284	0	0	0	1	3
1420	67.93092046033135	unknown	0.97923124	0.27107584	4.194683950617284	0	1	-1	1	3
1420	35.41420333690327	apoorva	0.9548646	0.62542874	4.194683950617284	0	0	0	1	3
1425	27.01821622292438	apoorva	0.9994469	0.09752251	4.216967901234568	0	0	0	1	3
1425	65.01845293743838	unknown	0.9940456	0.09226206	4.216967901234568	0	1	-1	1	3
1425	84.02703530450499	apoorva	0.98356956	0.68522775	4.216967901234568	0	0	0	1	3
1430	41.686166448046286	apoorva	0.99943584	0.5910979	4.08086913580247	0	0	0	1	3
1430	64.93237345339259	unknown	0.99754983	0.19464418	4.08086913580247	0	1	-1	1	3
1430	79.7805913727148	apoorva	0.9461012	0.5397166	4.08086913580247	0	0	0	1	3
1435	61.00772713881809	unknown	0.9997439	0.29862893	3.138758024691358	0	1	-1	1	3
1435	28.275559965740726	sandeep	0.99948823	0.27278203	3.138758024691358	1	0	2	0	3
1435	83.37984857880447	apoorva	0.85876155	0.042906746	3.138758024691358	0	0	0	1	3
1440	60.50361004998105	unknown	0.9996619	0.30451533	4.352348148148148	0	1	-1	1	3
1440	34.21649245159824	sandeep	0.99963665	0.026301365	4.352348148148148	1	0	2	0	3
1440	88.78827502472232	apoorva	0.85609806	0.19521564	4.352348148148148	0	0	0	1	3
1445	69.30833933027148	unknown	0.9992354	0.15162133	3.9093654320987654	0	1	-1	1	3
1445	47.97038190251812	sandeep	0.9991731	0.20332047	3.9093654320987654	1	0	2	0	3
1445	87.66656456102527	apoorva	0.94535846	0.05880589	3.9093654320987654	0	0	0	1	3
1450	69.40239158032063	unknown	0.99904865	0.04165941	4.015567901234568	0	1	-1	1	3
1450	25.242783759733033	karen	0.9667313	0.29964983	4.015567901234568	0	0	4	1	3
1450	84.14333345196292	apoorva	0.9551419	0.030196967	4.015567901234568	0	0	0	1	3
1455	64.31943458073451	unknown	0.998844	0.47883853	4.890437037037037	0	1	-1	1	3
1455	59.17921750438304	apoorva	0.9972567	0.39093316	4.890437037037037	0	0	0	1	3
1455	85.37216145706006	apoorva	0.9926616	0.44653308	4.890437037037037	0	0	0	1	3
1460	64.66452061779229	unknown	0.99887544	0.24185456	5.5026	0	1	-1	1	3
1460	42.58042501407978	apoorva	0.98914355	0.60636896	5.5026	0	0	0	1	3
1460	83.4679960052569	apoorva	0.9838828	0.51944524	5.5026	0	0	0	1	3
1465	64.20109430318291	unknown	0.9974915	0.09778719	7.140938271604938	0	1	-1	1	2
1465	79.1408283675589	apoorva	0.97214836	0.023516772	7.140938271604938	0	0	0	1	2
1470	61.37808931949799	unknown	0.99513704	0.103420265	7.777762962962963	0	1	-1	1	2
1470	80.46406823184029	apoorva	0.94426996	0.12149286	7.777762962962963	0	0	0	1	2
1475	60.53069001958783	unknown	0.99376523	0.120212615	6.992349382716049	0	1	-1	1	3
1475	39.14493705803335	boris	0.9621401	0.9603379	6.992349382716049	0	0	5	1	3
1475	76.53593960426802	apoorva	0.8944161	0.18205154	6.992349382716049	0	0	0	1	3
1480	60.3586545277781	unknown	0.9939614	0.07665718	6.181817283950617	0	1	-1	1	1
1485	60.75749039911339	unknown	0.99561524	0.045361217	5.846704938271605	0	1	-1	1	1
1490	62.81936426349488	unknown	0.97778577	0.18415557	6.618718518518518	0	1	-1	1	1
1495	63.37032750654045	unknown	0.99617624	0.17562525	7.758571604938272	0	1	-1	1	1
1500	65.38842377953962	unknown	0.9847786	0.13763438	8.31766049382716	0	1	-1	1	1
1505	66.94159216576502	unknown	0.9342594	0.11083333	5.112359259259259	0	1	-1	1	1
1510	63.872892686519	unknown	0.9859585	0.19453254	5.216901234567901	0	1	-1	1	1
1515	60.579611173930644	unknown	0.99385494	0.40191573	5.939875308641975	0	1	-1	1	1
1520	45.45070758594591	unknown	0.98747224	0.7310304	5.456341975308642	0	1	-1	1	1
1525	47.76526620361906	unknown	0.98771733	0.13718352	5.60293950617284	0	1	-1	1	1
1530	30.221364733237664	unknown	0.9828315	0.23044148	5.426875308641975	0	1	-1	1	1
1535	43.399349101186836	unknown	0.98856926	0.11272915	4.698579012345679	0	1	-1	1	1
1540	33.990863887399286	unknown	0.9823523	0.13342096	4.7899111111111115	0	1	-1	1	1
1545	43.25031724903188	unknown	0.9509932	0.21979809	5.0229740740740745	0	1	-1	1	1
1550	46.82117828500264	boris	0.9956267	1.3485687	5.659559259259259	0	0	5	1	1
1555	42.972249257618486	unknown	0.9847959	0.306881	5.731528395061728	0	1	-1	1	1
1560	61.183632553161004	apoorva	0.95059496	0.24229826	5.597338271604938	0	0	0	1	1
1565	42.453653531299715	unknown	0.9882047	0.74100065	3.653840740740741	0	1	-1	1	2
1565	50.834536859036625	unknown	0.9072832	0.7189398	3.653840740740741	0	1	-1	1	2
1570	29.373816281250225	unknown	0.9857247	0.85655344	4.013162962962963	0	1	-1	1	2
1570	41.276005810422575	unknown	0.97900796	0.52728856	4.013162962962963	0	1	-1	1	2
1575	61.07755487196497	apoorva	0.98975706	0.07074705	3.1450962962962965	0	0	0	1	1
1580	57.70076454833709	unknown	0.9792007	0.49236903	2.9306123456790125	0	1	-1	1	2
1580	60.28225943939102	apoorva	0.9722525	0.09117785	2.9306123456790125	0	0	0	1	2
1585	41.65614699184509	unknown	0.99519414	0.3514455	3.152198765432099	0	1	-1	1	2
1585	58.75232151465435	apoorva	0.97610885	0.16582441	3.152198765432099	0	0	0	1	2
1590	40.842322741722704	unknown	0.9905867	0.07121418	3.368714814814815	0	1	-1	1	1
1595	37.778628991515156	apoorva	0.995656	0.40131918	3.1902086419753086	0	0	0	1	2
1595	39.61278998708125	unknown	0.9956316	0.048723966	3.1902086419753086	0	1	-1	1	2
1600	30.64021777180216	unknown	0.9955167	0.12600479	3.7703962962962962	0	1	-1	1	2
1600	60.937607695425896	apoorva	0.98917985	0.18212363	3.7703962962962962	0	0	0	1	2
1605	47.89414218392162	unknown	0.9894838	0.42983735	7.047179012345679	0	1	-1	1	2
1605	49.79109887932179	apoorva	0.8034913	0.11906089	7.047179012345679	0	0	0	1	2
1610	51.787085859866465	sandeep	0.99329776	0.16166255	9.538212345679012	1	0	2	0	2
1610	36.99094449527156	unknown	0.7136056	0.78302926	9.538212345679012	0	1	-1	1	2
1615	56.02686410749107	apoorva	0.899231	0.2230277	10.874024691358025	0	0	0	1	1
1660	40.216208348315966	karen	0.95137745	0.36269045	6.558012345679012	0	0	4	1	1
1665	60.27537550193668	sandeep	0.96893936	0.30268228	8.055875308641975	1	0	2	0	1
1670	28.035161604667703	sandeep	0.9392479	0.36715776	8.462024691358025	1	0	2	0	1
1750	83.8845952219812	sandeep	0.98875916	0.20176288	8.922588888888889	1	0	2	0	1
1755	34.61432011681058	sandeep	0.9998703	0.18983558	8.141261728395062	1	0	2	0	1
1760	68.64646841825433	sandeep	0.995924	0.1201995	7.013687654320988	1	0	2	0	1
1765	64.8739625866126	sandeep	0.98763394	0.080061816	7.152983950617284	1	0	2	0	1
1770	47.07055452396244	sandeep	0.9999198	0.069431946	6.353043209876543	1	0	2	0	1
1775	31.051116495521363	unknown	0.99990344	0.24262807	5.326707407407407	0	1	-1	1	1
1780	35.069297204825276	unknown	0.9990446	0.038182583	4.666753086419753	0	1	-1	1	1
1785	54.395988441746724	sandeep	0.9917486	0.2674948	4.1042555555555555	1	0	2	0	1
1790	47.48732446634701	unknown	0.99647313	1.0435287	6.873420987654321	0	1	-1	1	1
1795	34.023806663544086	boris	0.9520228	1.2149308	7.175061728395062	0	0	5	1	1
1800	32.71201618153989	apoorva	0.9183147	0.31298745	7.42798024691358	0	0	0	1	1
1805	25.944328817982736	karen	0.99319035	0.38359514	5.723912345679012	0	0	4	1	1
1810	42.340858436013946	karen	0.997823	0.17203587	5.1256407407407405	0	0	4	1	1
1815	62.54398051183945	boris	0.98921084	0.66652566	5.835017283950617	0	0	5	1	1
1820	48.57439803958544	sandeep	0.92582756	0.9677249	8.162325925925925	1	0	2	0	1
1825	40.053687979886746	sandeep	0.9528137	0.37727624	8.042237037037037	1	0	2	0	1
1830	74.1306666922421	sandeep	0.942791	0.1644093	7.0331123456790126	1	0	2	0	1
1835	77.94191378735299	sandeep	0.93839294	0.101616755	5.556014814814815	1	0	2	0	1
1840	73.60852670539342	sandeep	0.9607705	0.10974628	2.979988888888889	1	0	2	0	1
1845	44.1453876747185	sandeep	0.96967447	0.7458069	7.080229629629629	1	0	2	0	1
1850	35.21030602705591	unknown	0.8852473	0.35834786	7.412971604938272	0	1	-1	1	1
1855	25.587875196511067	sandeep	0.958758	0.8780165	6.130835802469136	1	0	2	0	1
1860	31.631964258485713	karen	0.9962824	0.118885905	6.383486419753086	0	0	4	1	1
1865	39.66354248379821	karen	0.98637867	0.04756575	3.3890876543209876	0	0	4	1	1
1870	34.985402065176544	sandeep	0.9891242	0.17278963	1.6274160493827161	1	0	2	0	1
1875	45.82983110880888	karen	0.98528683	0.006133664	1.9674135802469135	0	0	4	1	1
1880	41.230282042076745	karen	0.9855972	0.009254945	1.782362962962963	0	0	4	1	1
1885	48.8857623453766	karen	0.986249	0.025882818	1.9673172839506172	0	0	4	1	1
1890	48.91865310356567	karen	0.98973733	0.0156187145	1.8655	0	0	4	1	1
1895	51.95498238068319	karen	0.9898206	0.14436927	3.2338407407407406	0	0	4	1	1
1900	46.39210670551404	sandeep	0.9826235	0.59275943	4.959975308641975	1	0	2	0	1
